0   0.1809189643531  blue 0.6369918297549  3.5208682076675    0.8111641230901    0
1   0.2775689831069   red   1.5655946619821 5.6403804360911    0.9078141418439 3
2   0.3880527197920   red    1.7475685234089    4.5034306790726  1.0182978785290    3
3   0.8740024132483   blue  0.5261817685853 0.6020369745087 1.5042475719853  0
4   0.1606429924641  red 1.6303935778243    10.1491733490238   0.7908881512011   3  
5   0.9201614773139 blue   0.6933144603213  0.7534704260226   1.5504066360509   0  
6   0.1233650614573 blue 0.8112526539253    6.5760325033871 0.7536102201943 0 
7   1.9558676359016 magenta    1.2290126703372 0.6283721085096 2.5861127946386    4
8   0.6802117373480 red   1.7823237787886   2.6202484916497 1.3104568960850 3
9   0.8767116864884 blue 0.8127069816028   0.9269945800062 1.5069568452254    0
10  1.8718041715699 green 0.2831156012874    0.1512527889336 2.5020493303069 1
11  1.0942928402263 magenta  1.6938372201015    1.5478829412347    1.7245379989633 4
12  1.6910020984393 magenta  1.2756253859847   0.7543606167976    2.3212472571763    4
13  1.7292708632617  magenta   1.0376875975473    0.6000723308262  2.3595160219987  4
14  0.2654093428794   blue   0.6438535600704    2.4258888292522    0.8956545016164  0    
15  0.5545439254417    blue    0.6636848919088 1.1968121215648 1.1847890841787 0   
16  1.0520058920131    green 0.8253595707098 0.7845579354412   1.6822510507501  1
17  1.7521286203857    green    0.1051094749409   0.0599895885028 2.3823737791227 1 
18  1.9127362686153  magenta  1.3140613813968   0.6870060462377    2.5429814273523 4    
19  1.1805015930287    magenta  1.3082005784599 1.1081734969146 1.8107467517657  4    
20  0.4269755993244 blue    0.7408326520009 1.7350702315848   1.0572207580614    0
21  0.1006534899146 red   1.6906439903943   16.7966753247088    0.7308986486516   3
22  0.7709439829982    red  1.2428987908244  1.6121778212612 1.4011891417352    3
23  1.6516300836197   green    0.6042459781781 0.3658482514764   2.2818752423567   1
24  0.2927882482145   blue  0.3529872829447  1.2056060483891    0.9230334069515  0
25  0.9973241334701 blue    0.0702738136251  0.0704623614999 1.6275692922071 0
26  0.6974743528040    red  1.8204279086793    2.6100284567607    1.3277195115410  3
27  1.3015064837528    magenta   1.0021413704218 0.7699856919131 1.9317516424898  4
28  1.0919208110768    green  0.8514778312114    0.7797981525526   1.7221659698138  1
29  0.1765537291120  red  1.2741878089212    7.2169974280912    0.8067988878490  3
30  1.3210629077616  magenta 1.2663136387941   0.9585566526425    1.9513080664986   4
31  1.3355167449534   magenta   1.9243550730710    1.4409067354211  1.9657619036904  4
32  1.4551415765765    green   0.8593962740188   0.5905928934013 2.0853867353135  1    
33  1.9181909602117   green   0.2742322757951  0.1429640121779    2.5484361189487 1
34  1.3401366834465   magenta 1.8267782435466   1.3631283033374  1.9703818421835    4
35  1.0200358949691   magenta 1.0050831627485 0.9853409744752   1.6502810537061 4
36  1.2341218981819   green    0.7749417139379  0.6279296357026 1.8643670569189    1
37  1.4335754417566   green 0.9715584177845  0.6777169791594 2.0638206004936  1    
38  1.6399143295427    green 0.1532712812002   0.0934629806198  2.2701594882797  1
39 0.8071938046701  red   1.3305273256571  1.6483368900495  1.4374389634071 3  
40   0.6069578596743  blue    0.7152471896035   1.1784132591797 1.2372030184113  0    
41    1.8160246788360  magenta    1.2407758545551 0.6832373309764   2.4462698375730   4 
42  0.8449239809579    red    1.3755633276065    1.6280320580404   1.4751691396949    3  
43  0.9991972745394 red   1.6933525630194 1.6947129522545   1.6294424332764  3 
44  0.9094018457663   red   1.2777874109731    1.4050855701711    1.5396470045033    3    
45    0.4441725993771  red    1.7433439148555    3.9249244939924  1.0744177581141  3    
46    0.1592787294749    red   1.5132829182604    9.5008474970196 0.7895238882119 3
47   0.0007573400989 red 1.9829652514846    2618.3286140980254   0.6310024988359 3
48  1.2083993259831   green 0.2458726226025  0.2034696787028 1.8386444847201 1   
49   1.0254985551792 magenta    1.0583656343520  1.0320498541971  1.6557437139162   4    
50 1.4832998647456  magenta 1.7475526916887   1.1781519928801   2.1135450234826    4  
51 0.6138172072838   blue  0.8843655090882    1.4407636322246    1.2440623660208  0    
52 0.2704972428930    red   1.3028575508561  4.8165280241748    0.9007424016300   3    
53    0.8847870094828 red    1.3236005930459    1.4959539175643  1.5150321682198    3  
54 0.5557084048207   blue  0.0296157071815   0.0532936103261 1.1859535635577  0   
55  1.0027010200753    green 0.4609821947570   0.4597404266352    1.6329461788123 1  
56    0.0533786439621    blue    0.4685568582802 8.7779835436180 0.6836238026991 0    
57    0.3606729511891    blue   0.7328402361029 2.0318691315407 0.9909181099261    0    
58    1.1966416880972  green   0.0915767661912 0.0765281429706  1.8268868468342  1    
59 1.4014744216595 magenta 1.2915607642788 0.9215728409438 2.0317195803965  4 
60 1.5963895880780    green 0.8001794834890    0.5012432362782  2.2266347468150  1    
61    0.5528435678876  blue   0.9819338165009    1.7761512904145  1.1830887266246 0 
62    0.4145490605040   red   1.3239527747945    3.1937179478467  1.0447942192410 3 
63  0.5819694735433  blue 0.9958888656388    1.7112390097977 1.2122146322803  0 
64  0.8026073777018 red   1.1592611240283 1.4443688860023 1.4328525364388    3    
65   1.4115239415493 green   0.7332686098261 0.5194871927013   2.0417691002863   1  
66    0.8175453481647 red    1.2536561907750    1.5334393298051 1.4477905069017   3  
67  0.1616027155995   blue 0.9781559166662 6.0528433141569  0.7918478743365 0   
68 0.0551567172687  blue  0.1193294226686  2.1634612895337  0.6854018760057 0  
69    0.6311960232888  blue    0.5462364543824    0.8653990745003    1.2614411820258 0 
70   1.1350064163965 magenta  1.6529577491484    1.4563422067660  1.7652515751335    4    
71  0.5831976687210    red   1.4930776949320    2.5601571731354   1.2134428274580   3   
72   1.7081309882218    magenta  1.2006818323294    0.7029214039254    2.3383761469588  4  
73  0.3718860762146  red 1.6614213760280    4.4675546687299   1.0021312349516   3   
74 0.7758186680509 red  1.8684147841922    2.4083137737408  1.4060638267879  3   
75  0.6671855432544    red 1.9566068178625   2.9326277189978 1.2974307019914    3 
76   0.5649229444959  blue    0.7024031448031    1.2433609780710    1.1951681032329   0  
77  0.2519038201347  red 1.3798333387075 5.4776197437956 0.8821489788717  3    
78   1.1979031879873    magenta  1.5223750630815    1.2708665260665    1.8281483467243   4 
79    1.4402785908667  magenta    1.5997689043572    1.1107357385592    2.0705237496037    4   
80  0.4141618079306 red 1.2324214462876    2.9757003728701   1.0444069666676  3   
81    1.6172165943132  green  0.2336876138199  0.1444998861882 2.2474617530502  1 
82   0.2658109830763  red  1.5421723379969    5.8017630428539    0.8960561418133    3 
83 1.0349936744040  green  0.6964524575611  0.6729050377647   1.6652388331410  1   
84 0.8438216355416    blue    0.9652438149895   1.1438955513034    1.4740667942786    0  
85   0.8152246484145    red  1.5988999655820  1.9612998315148 1.4454698071515    3    
86  1.4282128885470   green    0.5803047607328 0.4063153087235  2.0584580472840    1    
87   0.1568817015263  blue   0.9444165428759  6.0199279692116   0.7871268602633    0  
88    0.3132004858529    red 1.4528140063316    4.6386071285149   0.9434456445899   3    
89    0.7991253332400   red  1.5740943518637   1.9697715569617  1.4293704919770 3  
90  0.2891514295122  blue  0.0361024624191    0.1248565932390  0.9193965882492  0   
91 1.4294941554796   green    0.9149124239430    0.6400252987645  2.0597393142166  1 
92  1.1910703177030 magenta  1.5969118408652  1.3407368289933 1.8213154764400  4 
93   0.9752490946974 red   1.5481223200137    1.5874122092819   1.6054942534344   3   
94    0.2374630399536 blue   0.5080397849011 2.1394478273349    0.8677081986906   0    
95 0.8385956838736    red   1.2191345545415   1.4537810985506  1.4688408426106 3 
96 0.0464233517492   blue    0.6437591868914   13.8671414845083 0.6766685104862    0 
97  0.2856471090861    blue    0.4800507146499  1.6805726344849  0.9158922678231 0 
98   1.8988951409579    magenta   1.5131137788433 0.7968390387686  2.5291402996949    4 
99   1.1647208388547   green   0.1130086191726   0.0970263563617    1.7949659975917 1    
