0    0.8788866892030   red 1.6976519090581    1.9315936057668  1.5091318479400 3  3.2791735723544   0  0.3250461668102   blue    0.2536481817439  0.7803450944616 0.9552913255472    0
1    0.0490660409189  red    1.3456065142081   27.4243955494813 0.6793111996559   3   
2   0.9316597226908  red 1.8037404710531  1.9360507137129   1.5619048814278   3  
3  1.3293086706900  green 0.5186665078978  0.3901776309249    1.9595538294270 1  0.2023720692916 3   2.8017872942731  yellow  0.6559743320012 0.2341270992777   3.4320324530101    2   
4   0.2472392030885  blue    0.2935805862366    1.1874354170747  0.8774843618255 0 
5  1.0324737110263   magenta   1.5162195488669 1.4685309007624  1.6627188697633  4    
6    0.9842884081247   red   1.8925010157492    1.9227098481783 1.6145335668617  3    3.6387303406684  6    1.3250194461009    green  0.7436795311010 0.5612593334305   1.9552646048379    1    
7   2.3406149343862    green 1.1250414501434 0.4806606305101   2.9708600931232  5   
8   0.0912213638486   red   1.1772407815412   12.9053187967620   0.7214665225856    3 
9    2.0247728587495 green  1.3472830227587  0.6653995863964   2.6550180174865   5    
10 1.5463343557204  magenta  1.5473367447716   1.0006482356468 2.1765795144574   4  
11 0.9342937631380    blue    0.6021979780432  0.6445488579744   1.5645389218750   0  
12   2.2598287477870   yellow  0.6531515652376   0.2890270184753  2.8900739065240 2    
13    2.1408606777292   yellow 0.1542067360433   0.0720302529013 2.7711058364662    2 
14   2.0831593945510 green    1.7332061944029 0.8320084382100 2.7134045532880    5 
15  2.7384405176732    yellow 0.1468474066406    0.0536244646151 3.3686856764102  2    
16    1.8387411731262   green 0.1123458451215  0.0610993253229 2.4689863318632    1  
17 1.1254538611839    green    0.6335576369564    0.5629352377804  1.7556990199209   1   0.3566519190076    17    2.8584872270805    green    1.7747739152709   0.6208787286007 3.4887323858175   5 
18    1.0935026568682 magenta   1.3573695247795    1.2413042769068 1.7237478156052  4    
19  2.6938059427046    yellow  0.1988930473158    0.0738334726206    3.3240511014416  2 
20  0.4252175634289 blue    0.7035120708916    1.6544755706198    1.0554627221659  0 
21   2.7869712040873    yellow 0.1859647316266   0.0667264632494   3.4172163628243 2 
22 1.2235679439019  green 0.2428145498206   0.1984479497283   1.8538131026389   1   
23    2.1839413756363    yellow 0.7062815765941   0.3233976811252    2.8141865343733   2  
24   1.9572130199231   green  0.7203270140641  0.3680371051754  2.5874581786601   1    
25  1.0094456619115 magenta 1.8237778638236 1.8067122705447   1.6396908206485  4   
26  2.3389774128703   yellow    0.5925016309436 0.2533165252829 2.9692225716073    2    
27    2.2600304236706   yellow 0.6987672703954    0.3091848955115    2.8902755824076 2   0.2160482854840 27  2.9756464021667   green    1.7595641924424  0.5913216675077  3.6058915609037  5   
28   1.2737110335072  green   0.0931505691193  0.0731332042110   1.9039561922442    1 
29    0.8490101014918   red  1.4439062231960 1.7006938087767 1.4792552602288  3  
30   1.7860464115488    green   0.0706795928431    0.0395732117520  2.4162915702858 1 
31   2.1696767802848 yellow 0.1942011810735 0.0895069638197 2.7999219390218  2  
32    0.4934534886203   red 1.5426026675845  3.1261359037049  1.1236986473573  3    
33  1.4669327551719  magenta   1.9256920116900   1.3127336647850    2.0971779139089   4   
34   1.9370965193115    green   0.6985103105235  0.3605965441370    2.5673416780485  1 
35  0.2181130587280    red 1.2028533212087 5.5148157025703 0.8483582174650  3   
36   1.0239922255717   green   0.9936884818228    0.9704062755633    1.6542373843087 1  
37 0.9439418477604   red   1.4603923058490  1.5471210533931    1.5741870064974   3   
38  1.9112306413799  green   0.9786649581816 0.5120601025290   2.5414758001169 1 0.5011352788281 38 0.3675219521272 blue  0.8010185742228   2.1795121885553 0.9977671108642   0  
39    1.1756809053050 magenta  1.1161549429680  0.9493689469070 1.8059260640420  4  
40    2.9019836175213  yellow  0.5550655543434   0.1912710847133   3.5322287762583  2    
41  2.9485361309012 yellow   0.7451523316844    0.2527194168913   3.5787812896382  2   0.1883144627585  41 2.8838975437503 green   1.0701093250752    0.3710635724193   3.5141427024873    5 
42   2.7167605564847  yellow 0.6489814179396    0.2388806096255   3.3470057152217 2 
43 1.7986318707979   green   0.5299806958348 0.2946576808959 2.4288770295349  1  
44   0.6302044538082  red 1.7012589066213   2.6995348832288 1.2604496125452    3 
45 0.9240913406426   red  1.2021293060633    1.3008771462216  1.5543364993796    3   
46   1.0903208197463  magenta   1.5279837475509    1.4014074755598    1.7205659784833   4   
47    1.0515774795226 magenta   1.2564719035942    1.1948448193895   1.6818226382596 4    
48   0.9858316413037 blue    0.1868330184086   0.1895181799617    1.6160768000407   0  0.0354082536056  48 1.3492760108993  magenta 1.0604442154472    0.7859357217360  1.9795211696363   4    
49 0.5673347791119   blue 0.7636737154195  1.3460724488191  1.1975799378489 0    
50  0.7172917964919  red   1.1980897182374  1.6702961390287   1.3475369552289  3   
51 2.1894212484905    green 1.0641122797765   0.4860244598933   2.8196664072275    5 
52  0.9282005802533  blue   0.4087564497417   0.4403751284342  1.5584457389903 0    
53  0.9037570315629 blue 0.7586255917318   0.8394132108935  1.5340021902999 0 
54    0.5935618405366    red 1.3339805686074   2.2474163221165   1.2238069992736   3    
55 1.1222009844904 green   0.8270224679332   0.7369646608435    1.7524461432274 1   
56  0.3149440028477   blue   0.8135672568559  2.5832124107771 0.9451891615847  0 2.1016170349122  56   0.5459897077739  red    1.2393306847801  2.2698792067584    1.1762348665109  3    
57  2.8147000868680   yellow    0.2994827486436   0.1063995237151    3.4449452456050  2    
58 1.0859172565738    green   0.5527899859419    0.5090535053159 1.7161624153108    1  
59 1.3722078805173  green 0.4700534145562  0.3425526272149 2.0024530392543    1 
60 0.8772654972558 blue   0.0256129313159  0.0291963281310 1.5075106559928   0   
61 1.2804071462340  magenta 1.7796346430686 1.3898974621494    1.9106523049710  4 2.4735096739542   61 0.8352914856407  red   1.2523620215364    1.4993113698216 1.4655366443777   3  
62 2.3784991186228 yellow   0.3198023038419 0.1344555065579 3.0087442773598   2  
63    1.8706617451265    green    0.5986614508782 0.3200265640957 2.5009069038635  1  
64    1.7296632091853 magenta  1.8880862996922    1.0915918715653    2.3599083679223  4  
65 1.3524436363218    magenta  1.9946551203876  1.4748526791197  1.9826887950588 4 
66    0.3975084256294 blue 0.4020543681387   1.0114360909508    1.0277535843664  0   
67  0.4023728427728 blue  0.9030487747396  2.2443084590814 1.0326180015098 0    2.0267200041111 67    0.6496485352485  red  1.1894528955669  1.8309175362212    1.2798936939855  3    
68    1.9421800327635  magenta  1.3500324430302   0.6951118950127    2.5724251915005  4   
69    1.9618693514125   magenta 1.3716694963538  0.6991645470002   2.5921145101495   4   
70    1.2275056528116  green    0.8632664660685    0.7032688314642 1.8577508115486   1    
71 2.3368397185403  yellow   0.5931269545718  0.2538158479017   2.9670848772773    2  
72  1.6351021785425 magenta    1.4032092429819  0.8581783214506    2.2653473372795  4   
73   0.8776205418005    red  1.7736708450751  2.0209996924597  1.5078657005375    3  
74 1.4589816589657    magenta  1.3960746018789    0.9568829006861    2.0892268177027    4   
75  1.8977797682285    green    0.7590082947726    0.3999454032968   2.5280249269655  1  
76   2.0161162959340   yellow  0.2342478198344 0.1161876526205    2.6463614546710  2 
77    2.4419777837104  yellow    0.4594616919345 0.1881514627198  3.0722229424474    2 
78   1.4865197022097   magenta    1.1123395023598 0.7482843992625 2.1167648609467 4   
79 1.4103557264979 green   0.2855231399864    0.2024476056799    2.0406008852349  1 
80   2.4439715702295    green    1.3256119369103   0.5424007190009    3.0742167289665  5   
81 2.4384971731241   green    1.2647554972345   0.5186618673066  3.0687423318611    5  
82 0.0129289156693 blue    0.0398500541526 3.0822425617140   0.6431740744063  0   
83  0.4045417502921    blue 0.7793694001309   1.9265487420473 1.0347869090291    0    
84   2.8852682280052  green    1.6071771637063   0.5570286838868 3.5155133867422   5 
85   2.2581410042563    green 1.7767804736590  0.7868332713989    2.8883861629933 5  1.3980299926469 85    0.5728074667440    blue 0.1280179962087   0.2234921917767    1.2030526254810 0    
86    1.3788854620490   green  0.1272233895607  0.0922653788602    2.0091306207860   1   
87   1.8701901048260   magenta  1.8518392640802 0.9901877136990   2.5004352635630 4 
88 0.2928463108312 blue    0.4318497497977    1.4746634457230    0.9230914695682 0   0.6368330400713  88 2.5948963763160 yellow    0.0487011995571  0.0187680710496   3.2251415350530 2    
89 2.0542494886623 green    1.4682226563693   0.7147246059803  2.6844946473993  5 
90   2.8720106879567  green 1.1311151571194  0.3938408592498    3.5022558466937   5    
91   2.8694568508146   green    1.4968993579973    0.5216664462378  3.4997020095516 5 0.7808821684621   91  1.8991886470400    magenta    1.7537148787241   0.9234021493638 2.5294338057770  4   
92   2.9977592866342    yellow   0.0947904740634 0.0316204421369   3.6280044453712  2    
93   1.7594401716051   green   0.5451016353105   0.3098153856594 2.3896853303421 1 
94   0.2583255079924  blue   0.4069441315459  1.5753153248729   0.8885706667294 0   
95   1.8432986504631  green   0.6966702883395    0.3779475931176    2.4735438092001    1  
96  0.6683256460637    blue  0.5881493242674    0.8800340488674  1.2985708048007 0   
97 1.3781995817133   green  0.4617310584848   0.3350248139757   2.0084447404503 1   
98  1.9692211090598    magenta  1.7295404299592    0.8782865580722   2.5994662677968  4 
99    1.5607611406243   magenta   1.3998316837483  0.8968904000188  2.1910062993613  4    1.2554955987960  99   2.2352742640509    green   1.3032235523286   0.5830262412483   2.8655194227879  5 
100   0.5085490144121   blue    0.3591956925492   0.7063147943850   1.1387941731491    0  
101  2.1289438074972 green   1.4764730507823   0.6935237302097 2.7591889662342    5  
102  0.8882183492738    blue   0.6254381946492    0.7041491488670    1.5184635080108 0  
103 2.2129744256059 yellow   0.6473428396693 0.2925216090069    2.8432195843429 2   
104    1.9784709163359  magenta    1.5401537376176    0.7784565974162    2.6087160750729    4    
105 0.3033992552890   red 1.1067963819022    3.6479864818647    0.9336444140260   3   
106  0.8377749841993   blue    0.2248754547370    0.2684198728515 1.4680201429363  0  
107 0.8059034579152   blue  0.7376039713174  0.9152510317123 1.4361486166522 0 
108  1.5139517617821  magenta  1.4810896900658   0.9782938449257  2.1441969205191  4  
109 2.1152701578514   yellow  0.6241418462718    0.2950648379145  2.7455153165884   2 
110   0.2061135694315 blue  0.1559940796293   0.7568355642937 0.8363587281685    0 
111 0.1061154860980 blue 0.2229525497029  2.1010368787922 0.7363606448350 0 
112   0.0360030095404    blue 0.9583707570939   26.6191845994967   0.6662481682774    0  
113    0.3472441442520 red   1.9567343877065   5.6350392658790   0.9774893029890  3   
114  0.7905747232639    red  1.1459429939741 1.4495062392624 1.4208198820009   3  
115    0.5527243744299 blue  0.4839513011658  0.8755743794816    1.1829695331669  0 
116   0.7258491750906    red 1.4538293514351    2.0029358733564  1.3560943338276   3 
117    2.6805569663509   yellow 0.8172677822027 0.3048873023263  3.3108021250879   2 
118 2.2241979442706    yellow    0.9896808678083 0.4449607870368    2.8544431030076    2 
119   1.9933425924698 green    0.2881448460964 0.1445535991580  2.6235877512068 1  0.0416523745821   119 2.0783921396280   yellow   0.1971737996702    0.0948684302210  2.7086372983650 2  
120 1.5981182523545    green   0.5618267429703 0.3515551756840 2.2283634110915    1 
121    0.6046444169805   blue 0.4389083716769 0.7258950208599    1.2348895757175    0  
122  1.1752110434761   green    0.4133225871681   0.3517007344872    1.8054562022131   1 
123    0.7156003865381 red    1.4682915030756    2.0518316237625  1.3458455452751 3 
124 1.5771363275658  magenta  1.5867191944918    1.0060761183155   2.2073814863028    4 
125  0.8699009483069 blue    0.8245180269138   0.9478297828260  1.5001461070439    0  
126   1.0910414440348  green   0.1070950104776  0.0981585173167    1.7212866027718 1   
127 1.6405776193071    magenta    1.3002309244114    0.7925445947266   2.2708227780441  4    
128   0.7402140376323 red    1.6674744146655 2.2526922348017  1.3704591963693   3  3.7563066656475 128 2.5324416167397   yellow 0.8925505722865   0.3524466532167 3.1626867754767  2    
129    0.7857860412911   red   1.3417209662569 1.7074889292415 1.4160312000281    3 
130  1.1216704042181  green    0.6987539916596 0.6229583922621    1.7519155629551   1    
131  0.0478286123099  red  1.1005728000862 23.0107616954527  0.6780737710469 3  
132   0.6037401404750   blue 0.1507719401560   0.2497298590042  1.2339852992120 0    
133   0.6382263010301    blue    0.4266068712451    0.6684257144473   1.2684714597671 0 
134 2.6491148649981   yellow    0.0104109765264   0.0039299830536  3.2793600237351  2 
135  1.6309045108808   magenta    1.0243466696283 0.6280850060774 2.2611496696178    4 
136 1.9318216907121  magenta  1.7483215406432   0.9050118595567    2.5620668494491    4    
137  1.0958021348063   magenta    1.3244070628727 1.2086188015200  1.7260472935433  4   
138    2.4071655538433  yellow   0.9980703875788    0.4146247382052    3.0374107125803    2 0.4138246731602    138 0.0435087835828 red    1.1157184745272  25.6435225867590 0.6737539423198 3    
139    2.0074978288697   green   1.4589156755716  0.7267333765402  2.6377429876067    5   
140    1.1348859485375  green 0.1654016127150  0.1457429382469    1.7651311072745 1   
141   2.6948364875528 yellow  0.3736690859673 0.1386611349866  3.3250816462898  2   
142 0.2286518677669    blue 0.0058398720268   0.0255404518837    0.8588970265039    0    
143 1.1255867004978 magenta  1.7750924203090  1.5770374858942    1.7558318592348    4  
144  0.6636189551655  blue 0.6322513856770    0.9527325594841    1.2938641139025    0    
145   2.4690616972848   green 1.9227877387319    0.7787524065706  3.0993068560218  5    
146    1.9063381666124 magenta   1.0749197887582 0.5638662686319 2.5365833253494   4  
147 0.1466854857751 red  1.3936286080804   9.5007941700289 0.7769306445121 3   
148   0.1989339969738 blue 0.7282772255840   3.6608987737766  0.8291791557108   0   
149   0.0888127905916    blue 0.4157034531655   4.6806709979100    0.7190579493286    0 1.9457710969629  149    2.5639755348992   green  1.0018644085320  0.3907464774508    3.1942206936362  5  
150    1.4640134832964    magenta   1.7097560533563    1.1678554008305 2.0942586420334    4 
151   2.5398987647005  green  1.2412526307558   0.4887016159883 3.1701439234375   5   
152  0.2328527085607 blue 0.6784255754890 2.9135395490236  0.8630978672977   0 
153   0.1246901148482  red    1.5825567615068    12.6919183885015    0.7549352735852    3  
154  0.6902547289757  blue    0.2346084397403   0.3398867546890   1.3204998877127 0  
155    1.9798297078011  magenta   1.5857577529689 0.8009566412306 2.6100748665381  4 1.2701232036234    155    0.2429043194656   blue   0.9605630578947 3.9544914639969   0.8731494782026  0   
156    1.1258006472800 green   0.4801428373800   0.4264901059882 1.7560458060170   1  
157  2.1240669908316 yellow    0.2599166413387   0.1223674406036  2.7543121495686    2    
158 1.5978600418582   green   0.1496068963727    0.0936295372896 2.2281052005952    1   
159    1.8801283989318 green   0.4874037378343  0.2592396019927 2.5103735576688  1   
160  0.2833418443261   blue  0.2335106510524  0.8241304831196 0.9135870030631   0  
161  2.1548765817725   green   1.9101057716467    0.8864107521534    2.7851217405095    5 1.6931382937379  161    2.2610151283146  yellow 0.0079781218010  0.0035285574612   2.8912602870516    2   
162   1.0642127963518   green    0.4408631703859 0.4142622339227    1.6944579550888    1  
163 1.9229688032812    magenta   1.7522127702592 0.9112018703940    2.5532139620182    4   1.5966195535884  163   2.6530792536847   green   1.5629411642525   0.5891045893491    3.2833244124217 5 
164  0.6306954254599 blue  0.3880535912797  0.6152789058153  1.2609405841969    0   
165   2.2138714438708 green   1.9887395695113 0.8983085151657  2.8441166026078 5   
166   1.7121454887335  magenta  1.5834935208195 0.9248592080752    2.3423906474705 4    
167    0.8830402520341 red   1.1298248502722    1.2794715163546 1.5132854107711  3    
168    1.9556638338649   green  0.5383300681247  0.2752671797692 2.5859089926019   1 
169 0.5522095343063  blue  0.6688830741469 1.2112849065295  1.1824546930433    0 0.8102079719471   169   2.4019727949046   green 1.3851198397194    0.5766592538674 3.0322179536416 5  
170   0.9780049188437    blue  0.2531407689220    0.2588338402441   1.6082500775807 0 
171 2.2553919114610 green 1.2786849471423  0.5669457891751    2.8856370701980    5 
172   0.0239950243662   blue   0.4997881937174    20.8288262637122   0.6542401831032  0  
173   2.0945769640506    green   1.0242033237873   0.4889786058788  2.7248221227876    5    
174  0.3791209805007  blue    0.8265933023252  2.1802889970201  1.0093661392377   0  
175 2.8575221020921   yellow   0.2246986620150 0.0786340941512    3.4877672608291 2  
176 1.8829316261268  green  0.0623508689372    0.0331137190921 2.5131767848638    1   
177 2.5633139790708    yellow 0.1888421615962   0.0736711004341 3.1935591378078 2  
178   1.4864689004847   green  0.5948012526784  0.4001437584630 2.1167140592217    1    
179   1.4750245644969    magenta  1.3658288330559    0.9259702285173 2.1052697232339   4  1.2647168366603   179    0.7167964541805  blue  0.4962498172454  0.6923162277816   1.3470416129175   0 0.3435618015127 179  1.2179839219419 magenta 1.4365570192625   1.1794548297257   1.8482290806789 4  
180 1.6943771791425 green    0.0012001442733  0.0007083099844  2.3246223378795    1    0.0000008500742    180 2.7226079754792   green  1.0135747759843  0.3722808370184 3.3528531342162    5    
181   0.8317840954216    red    1.7664555637496   2.1236948067085   1.4620292541586    3 
182   0.5318899519639 blue    0.2042179765362  0.3839477993185   1.1621351107009    0    
183   1.1607340176670    green    0.4681728276961   0.4033420409588    1.7909791764040  1    
184    2.5422796198993   green    1.9676415862498 0.7739674152475    3.1725247786363 5  
185   2.4850775744991 yellow 0.1664865353312    0.0669945023204 3.1153227332361 2 
186   2.4186945208498   yellow   0.6426496061927 0.2657010220402   3.0489396795868  2   0.1707526571791   186 1.2714039047214   magenta    1.2455745777588  0.9796844048798 1.9016490634584    4    
187    0.8669356112194  blue    0.0609726038298 0.0703311792026  1.4971807699564   0  
188    2.2339726347702    green 1.7502605674567    0.7834744885480 2.8642177935072   5  
189    0.4457879992277    red    1.9295515209178  4.3284061577710 1.0760331579647   3  
190 2.8279040694332  green   1.1024180721981 0.3898357388124  3.4581492281702   5   
191 1.3928590814389   magenta  1.8394483279787    1.3206277307526  2.0231042401759    4    
192   1.3551204900843    magenta    1.9772800414982    1.4591175146169 1.9853656488213  4 
193    1.7776333377939    magenta   1.0629824295840 0.5979762007070    2.4078784965309   4 
194   1.6565119490187 magenta  1.1564800181218  0.6981416697941  2.2867571077557    4 
195  0.6887385244068    red 1.9038907056283  2.7643156846326 1.3189836831438    3   5.2629549393945 195   1.9714312842261    green   0.1293298536951   0.0656020094283 2.6016764429631   1  
196 2.1262124050387   yellow    0.2789675433341  0.1312039863341    2.7564575637757  2   
197 0.6908661028226 red    1.5399681373632    2.2290399414177 1.3211112615596 3 
198    0.4444433138985 red  1.8287861165724    4.1147792291686   1.0746884726355 3 
199  1.1442405952149  magenta  1.8409204456034 1.6088578340097 1.7744857539519   4 
200    1.4931958590067    magenta    1.9122108696999    1.2806162421130 2.1234410177437    4  
201  2.3968068789090  green 1.2730633100370 0.5311497230918 3.0270520376460    5 
202   1.6116743217495   green 0.4852835076201 0.3011051929483    2.2419194804865    1    
203  1.7680497521612   green 0.9184217108439   0.5194546758208    2.3982949108982   1    
204 1.0843317440956    magenta 1.3917148590332    1.2834770047186  1.7145769028326 4  
205  0.5989220551576  red   1.7810649618001  2.9737842286197   1.2291672138946 3    
206   1.3573515315713  green 0.9449251989443  0.6961536322506    1.9875966903083  1 
207    2.3674395613065  green 1.0217929802516 0.4316025620894 2.9976847200435 5    
208  2.3232789191854    green   1.5620486547441 0.6723465881969 2.9535240779224    5   1.0502380836147   208    0.2517491090014  blue 0.8957673197973 3.5581747373431 0.8819942677384    0   3.1872966478402   208    1.5657218897355  green 0.2103822413861    0.1343675672961  2.1959670484725 1  
209  0.8519237813220   red  1.7970648086414 2.1094197016694    1.4821689400590   3  3.7907639125249    209    2.8969134561548  yellow   0.7992846442262  0.2759090515901 3.5271586148918   2   
210   1.5734251339165   magenta  1.0128428587695  0.6437184947264 2.2036702926535    4   
211  1.7529941693545 green    0.4691774665044    0.2676434837642   2.3832393280915  1 
212  0.5109533249282   red 1.1411317788055  2.2333385910852  1.1411984836652 3   
213 2.9453604771820  yellow 0.6974685165830  0.2368024294433 3.5756056359190    2  
214  2.8153079435544 green    1.2057097839735    0.4282692366687    3.4455531022914 5  
215   1.4232118943333   green    0.3941162800645    0.2769203107659   2.0534570530703    1   
216   1.4604485335705 magenta  1.0431349394375   0.7142565557495 2.0906936923075    4  
217   1.8404632196126    green 0.3470095738483 0.1885446936132  2.4707083783496    1   
218 1.7994663686278   magenta  1.9268560564208 1.0707930362101  2.4297115273648    4   
219    1.1421717579352  green  0.6225799643644  0.5450843623466   1.7724169166722    1  
220   2.2754269135354 yellow    0.7717250120816  0.3391561414216  2.9056720722724   2    
221   2.7435403827136  yellow 0.9215123897189 0.3358843906673  3.3737855414506   2   
222 0.0440183481182   red  1.1527946528195 26.1889576075151   0.6742635068552   3  
223 1.4981312126584  green  0.4578146011580 0.3055904564899  2.1283763713954 1 
224   0.5385648290117 blue   0.8136497779293   1.5107740685971  1.1688099877487  0  
225    1.7654631223309  magenta   1.4080507352752   0.7975531844676  2.3957082810679 4   
226    1.2647337151748   magenta   1.0856377682783    0.8583923676995    1.8949788739118    4 
227   1.8622167201638    magenta    1.9901610059983    1.0687053684188    2.4924618789008   4  
228  1.7994719828279    magenta  1.3352955794105  0.7420485521048 2.4297171415649   4    0.9908541513335 228   1.9890385853670    green    0.0459041578297  0.0230785657792  2.6192837441040   1  
229 2.5009813657845   yellow   0.4541091315316 0.1815723770454   3.1312265245215   2   
230    2.2171203871550  green 1.7490807151816    0.7888974930342  2.8473655458920    5  
231  1.3634438106323 green 0.5640348475092  0.4136839693068    1.9936889693693   1   
232  1.0492724124412 green   0.6750883094010  0.6433870760315   1.6795175711782   1   
233 0.2960169628464 red    1.4076584458045 4.7553303441424  0.9262621215834 3   6.6938809215226 233  1.9306766937372    magenta    1.1670426896825   0.6044733918777   2.5609218524742  4   
234 0.7402268249664 red 1.5868396033328 2.1437207485757   1.3704719837034   3  
235   1.4629962591664    green    0.3680643823833 0.2515825861325  2.0932414179034 1    
236   0.6486233005009 red    1.5780180243271 2.4328728602695  1.2788684592379   3 3.8391172244013    236    2.8777989437558  yellow 0.0294796466345  0.0102438173099  3.5080441024928 2    
237   2.7932184687293 green  1.3496579942148  0.4831909889343  3.4234636274663  5 0.6521425809477  237 2.6841972511782  yellow  0.9085902421043  0.3384960780008   3.3144424099152   2  
238   1.8020841958442    magenta   1.6469205189105    0.9138976540100  2.4323293545812   4 
239  2.6800342027581  green 1.8881720241657    0.7045328086569  3.3102793614951   5  
240  2.1144378889029  green  1.5014308762824 0.7100851172609  2.7446830476399 5  
241    2.1237038745234  yellow  0.6810956605853   0.3207112200321    2.7539490332604 2  
242 2.0181972075955 green  1.1135491410876  0.5517543760821    2.6484423663325  5 
243  1.9114061291580    magenta    1.8550698003274   0.9705262382645 2.5416512878950    4  
244  2.5877162105539    green 1.0825197845799    0.4183301786204 3.2179613692909 5 
245    2.6897837333945    yellow 0.9212740275839    0.3425085876407  3.3200288921315 2  
246 2.7794673065171 green    1.5442217774231   0.5555819180900    3.4097124652541 5    
247    2.4246631825137  green  1.6241408011548    0.6698418208632 3.0549083412507   5  
248 2.5130601477928 green  1.6400585430877  0.6526141224786    3.1433053065298   5   
249    2.9416759511744   yellow 0.0465040729729   0.0158087001236    3.5719211099114  2    
250   2.5028937757055    yellow 0.9277890501195 0.3706865465587  3.1331389344425  2  
251   0.2833960178851 red   1.2943074066311    4.5671333573785    0.9136411766221   3  
252    2.6129221955204    green  1.9491553667818 0.7459676258725  3.2431673542574    5   
253    0.4919822773250    red  1.4894344639813   3.0274148737221   1.1222274360620   3    
254    0.2619370429296 blue    0.9997332508527   3.8166928956335    0.8921822016666   0    
255  0.0674208126812 blue    0.8402333809759   12.4625222918736   0.6976659714182  0 
256 2.5106776879696  green 1.4712988847156   0.5860166327863   3.1409228467066 5    
257 0.2726664736345  blue 0.1248042539808   0.4577176369255    0.9029116323715  0   
258 2.7123391860379    green    1.8984410334245   0.6999275913562    3.3425843447749   5   
259    2.4944935626401   green    1.8198353630503 0.7295410139781   3.1247387213771 5 
260    2.4958226763584   yellow   0.1276337124102    0.0511389345162 3.1260678350954    2   
261 2.3790226666929 yellow   0.7005217895667  0.2944578037756   3.0092678254299   2 0.2062741076528   261 0.1258608312897 red   1.3727713880852 10.9070580101749 0.7561059900267  3 
262    1.4747263953627  green  0.5078753381889    0.3443861449730   2.1049715540997    1   
263 0.8084983081480  blue   0.8895136218157   1.1002046792817  1.4387434668850    0 
264    1.3716746339942   magenta 1.0640928843653   0.7757618738394   2.0019197927312 4    
265  0.0226332872458 blue  0.7338294457243    32.4225746687008 0.6528784459828 0   
266   2.5318748528800  green    1.9333869143541    0.7636186726034 3.1621200116170 5   
267   2.0600795481073    green   1.7729772124268    0.8606353157847  2.6903247068443   5  
268  1.2340361066895   magenta   1.9427799662503    1.5743299209147    1.8642812654265   4   
269  1.9065338807237    green  0.8433818550717 0.4423639483142  2.5367790394607    1    
270    2.2311087708718   yellow    0.8987662398558    0.4028338965763   2.8613539296088 2  
271    0.2589708675580   red 1.3231710187147    5.1093431133456  0.8892160262950    3    
272  0.3817064250694 red 1.6595365915576  4.3476779078477   1.0119515838064   3 7.2151305763800    272    0.5883672161932 red  1.5781209636622 2.6822041069398   1.2186123749302    3   
273    2.1847731568722  yellow    0.4638270612215   0.2122998718483 2.8150183156092   2 
274  1.3276164200570  green  0.7772051330837  0.5854139202725 1.9578615787940   1   
275    2.5211681935282    green    1.2598170214240    0.4996957460664 3.1514133522652 5    
276   1.5606611164530    green   0.6285843914447   0.4027680223579    2.1909062751900   1  
277    2.7789862284836    green   1.2256844629885    0.4410545293192    3.4092313872206    5   
278 0.4010025808784    blue  0.3278548786946   0.8175879516198  1.0312477396154 0    0.2680501987005   278  2.7931557066458    yellow  0.7878558857067    0.2820665829091    3.4234008653828   2  
279 1.5930684330903 green 0.8614819236159 0.5407689373047    2.2233135918273 1 
280   1.5742499866403   magenta 1.1345847880596 0.7207144974992   2.2044951453773  4 
281  2.6898392629920  green 1.4472844224166    0.5380560996075  3.3200844217290  5 
282    1.5958311803441   green 0.3852351402622   0.2414009357676    2.2260763390811    1 
283    1.1391816661187 green  0.3413800880266    0.2996713326591   1.7694268248557   1 
284   1.6570669003206    green  0.0846213738552 0.0510669628600  2.2873120590576 1  
285  1.6066147483022   green 0.9591862472564 0.5970231807408 2.2368599070392  1 
286   0.5899995467539 red  1.3558239577567    2.2980084734238  1.2202447054909    3    
287  0.4503483928974   blue 0.2025516956572    0.4497666669888  1.0805935516344   0 
288   1.6564340633496   magenta    1.9906691752388   1.2017799073833    2.2866792220866  4   
289  1.4807038870480  green  0.1104125481617 0.0745676087755    2.1109490457850 1    
290 1.9357799894611 magenta    1.3306886098114   0.6874172773022 2.5660251481981   4  
291    0.7306481889591    red  1.6882466880281 2.3106150313371    1.3608933476961    3  
292   0.5713840051673   blue  0.5208635504058  0.9115823083868  1.2016291639043   0    
293  1.9822788962277 magenta   1.6221614571041 0.8183315981374   2.6125240549647    4  1.3274659776288  293    0.2047273123006  blue  0.4292465631353  2.0966746366750   0.8349724710376   0 
294    1.5943171914002    magenta 1.5774912917659  0.9894463286697 2.2245623501372   4  1.5608429671463    294  2.0378976936438 green  1.8813686175544    0.9231909057174   2.6681428523808    5  
295    0.2488294176342   blue 0.0566972025323    0.2278557056132 0.8790745763712 0  
296   0.4538833792367 red    1.3986159910449 3.0814435051509  1.0841285379737 3  4.3097561618055  296 2.0365924276433    yellow  0.0778149587499   0.0382084101334   2.6668375863803 2  
297 1.4829413999904    magenta  1.4733589499231    0.9935382139392   2.1131865587274  4  
298    0.8866570193928  blue    0.2753712464503    0.3105724540916   1.5169021781298    0    
299 1.6941619447906   green 0.7612192806746    0.4493190766179 2.3244071035276   1    
300  2.6356649541166 green 1.2172328036530   0.4618313878446   3.2659101128536    5    
301 1.0471449284513   green 0.1893636373748 0.1808380408764  1.6773900871883   1   
302   2.3806016671466 green    1.0780389310490    0.4528430547313    3.0108468258836  5  
303    1.9212989993878    magenta    1.6585300361444  0.8632336958864    2.5515441581248    4   
304 0.6869298398388   red    1.7666353647745  2.5717842817673 1.3171749985758    3   
305 2.3926071310768  yellow 0.1246626721285   0.0521032770108    3.0228522898138 2 
306  1.5822838990310    green    0.7685559692609    0.4857257093570    2.2125290577680 1  
307 0.1005260300487    red  1.7750847882918    17.6579616984011    0.7307711887857   3  
308    0.8854000921279 blue 0.1686682728398    0.1904994977293   1.5156452508649 0 
309 1.4004056079138   green 0.9263906842649  0.6615159772496 2.0306507666508 1    
310   0.8954063121504    red  1.2053011270518   1.3460940700286    1.5256514708874   3   
311    0.6956990018139  blue    0.7233154206006  1.0396959298700  1.3259441605509 0  0.7520280988106  311  1.2873454608463 green  0.5044467811957    0.3918503591601   1.9175906195833   1  
312  0.0027101889516 red   1.0415131644240 384.2954063448501   0.6329553476886    3 
313    0.6498302505393  blue 0.7981232039401   1.2282026010295   1.2800754092763 0   
314   0.7172488592977 red   1.5865001870714 2.2119243084261 1.3474940180347   3   
315 1.3922990500226   magenta 1.7723461872651   1.2729637266048  2.0225442087596    4  
316  2.1760577750454 green 1.9425060275417    0.8926720833509 2.8063029337824  5  
317    1.0765675013629    green    0.1741096286655   0.1617266250794 1.7068126600999 1  
318    0.3698605766972  red 1.3225635892533    3.5758436356305  1.0001057354342   3 
319  2.9751359600172    green   1.0870653901790  0.3653834328206 3.6053811187542  5    
320    1.2092389705969 magenta   1.6683435813788 1.3796640878646  1.8394841293339  4 
321    2.2183250748406  green    1.1884408649185    0.5357379215505    2.8485702335776 5 
322   0.2919662434204 red  1.4390657772427   4.9288772578089 0.9222114021574    3   
323    1.1722120641591   green   0.9634135834999    0.8218765298164  1.8024572228961    1  
324    1.0562775351993   magenta    1.7698485976643   1.6755526257882    1.6865226939363 4   
325 0.4623788915003 red  1.4647912151370    3.1679456871056    1.0926240502373 3 
326 2.8545966936130    green 1.3732584594754   0.4810691690872  3.4848418523500  5    
327   0.3349154989525    blue    0.9503525088081 2.8375889195349  0.9651606576895   0    
328    2.0753756695349    green 1.2092454665984  0.5826634109426    2.7056208282719  5  
329  0.2003669331051 blue 0.5469919960781 2.7299514326101 0.8306120918421    0    
330   2.4772450282365   yellow   0.3216048888983    0.1298236085783   3.1074901869735 2    
331   1.7960081404990    green    0.5572296860435 0.3102601115654  2.4262532992360  1   
332    0.9646981443333    red    1.9065188036885   1.9762853436461 1.5949433030703    3    
333 1.3164273113318  magenta 1.0498874014873   0.7975278182471 1.9466724700688    4    0.8373144087133 333    1.6398740672115 magenta   1.7424010032057    1.0625212252844   2.2701192259485 4    
334  1.4152492866842    green   0.9957867632882 0.7036122700484 2.0454944454212    1    0.7006477850013   334 1.8449244220700   green   0.5747418076939    0.3115259361405 2.4751695808070   1  
335  2.6230331213351  yellow 0.8571008877021    0.3267594605385 3.2532782800721 2 
336    0.5187892638380 blue  0.7024506673950 1.3540192836649 1.1490344225750 0  0.9511317494761  336  1.3486126623087    green    0.0916231487303  0.0679388168975  1.9788578210457  1   
337 0.4865757535806    red 1.0202658975655 2.0968284795482 1.1168209123176   3    
338 2.1734173397671   green    1.6216378464836    0.7461235432387   2.8036624985041    5   1.2099421758684  338  0.6470848933843 red  1.2170396227677 1.8808036398478   1.2773300521213 3    
339  1.4786473270408  magenta    1.9032132275703   1.2871312805733 2.1088924857778  4 
340  0.6753125014736  blue    0.6016809991275 0.8909667714052    1.3055576602106    0  
341    0.6019047385466    blue  0.1719820325193 0.2857296537232   1.2321498972836  0    0.0491403665983 341    1.5646414905703   magenta  1.1254181735239  0.7192818165098  2.1948866493073 4   
342  1.6268318728052    green 0.4506266261392  0.2769964331730    2.2570770315422 1    
343  1.6501638030944   magenta   1.1402707952620  0.6910046100416  2.2804089618314  4    0.7879323762219 343 1.9922366098814 green   0.5091671329786  0.2555756331618   2.6224817686184  1   
344   1.8644668516971   magenta   1.5784383708768 0.8465896668745   2.4947120104341    4  
345 2.9104626755156  yellow    0.0479622987999   0.0164792695001 3.5407078342526  2   
346 2.5678381542992    yellow   0.5102531711010   0.1987092411750  3.1980833130362   2  
347    1.4179489533325   green 0.1237744122025    0.0872911622888    2.0481941120695   1   
348    2.2767467045745   green  1.0466212197328  0.4597003336515    2.9069918633115 5  
349    2.7564430023096  green    1.9788033414278 0.7178829164143 3.3866881610466    5 
350   1.5415082964446    magenta   1.8941366168079   1.2287553827486  2.1717534551816   4   
351   0.9587171134048  red 1.8353395185995    1.9143702484683  1.5889622721418 3  
352    0.1330805245618   blue   0.5359213708512 4.0270458251933  0.7633256832988    0   
353  0.4726507000396    blue 0.7403766034427 1.5664350087299    1.1028958587766  0   
354    2.9865264358710 yellow   0.8415389758719  0.2817785122423  3.6167715946080   2  
355   0.5382521330947   red 1.3513505034760   2.5106273071437    1.1684972918317    3  
356 2.8280269546427 green   1.7183782920419    0.6076244390885    3.4582721133797 5   
357 2.2380793083693 yellow  0.4273590301640    0.1909490108621   2.8683244671063 2  
358   1.7106890972561    green 0.9443861685729  0.5520501475620  2.3409342559931   1  
359 1.8569800982974    magenta   1.6994191742007  0.9151520663893  2.4872252570344 4 
360  1.6151958489866  magenta 1.3914225114613  0.8614574587560 2.2454410077236   4   
361 0.1500224389825  red 1.5842763746436    10.5602627539475  0.7802675977195  3    
362  0.4433940293495  blue    0.2678682902298 0.6041314778704  1.0736391880865    0  
363    0.5740557263968   blue   0.0366910203386    0.0639154330346  1.2043008851338 0   
364   0.9825297137586   red    1.3315772786321    1.3552539531230  1.6127748724956   3   
365   1.2169745162913 green 0.5121043754542    0.4208012317421   1.8472196750283   1   
366  0.0413131694408   blue    0.0215894283163    0.5225798119238    0.6715583281778   0 
367  2.9334725954536   yellow    0.2958655574716    0.1008584699002 3.5637177541906 2 
368 2.8445050995403   yellow   0.2174770122342   0.0764551317800 3.4747502582773 2    
369 2.0880245719128    green    1.0506131094288 0.5031612767212  2.7182697306498   5   
370    1.3627251747185  green 0.5708268139520  0.4188862321927  1.9929703334555    1   
371    0.9787905892830   red  1.8678431804816   1.9083174694700    1.6090357480200  3   3.5644377715434  371    0.3233840179314   blue   0.3386574031428 1.0472298702608    0.9536291766684    0   
372 0.6425749737070   blue  0.0763544141406  0.1188256892423    1.2728201324440 0  
373    1.6125633082754  green    0.6321693493201    0.3920276159553   2.2428084670124 1 
374  2.8992982231770   yellow   0.9798173051968  0.3379498174297    3.5295433819140    2   
375 2.4409024138183    green    1.3711083265254 0.5617218938223 3.0711475725553    5   
376    2.3865950663513    green  1.3243915989599  0.5549293290817    3.0168402250883   5  
377   1.9116185201457 magenta   1.7496425666766  0.9152676374694    2.5418636788827 4   
378    2.7594393829511  green   1.8926247829496    0.6858729329744 3.3896845416881   5 1.2981001109016   378 0.3402898472628  blue  0.6038834647829  1.7746149926022 0.9705350059998 0  
379 0.4509326615242   blue    0.0950944390586   0.2108839016833  1.0811778202612    0   
380    1.3878692109729    magenta 1.1012878860575  0.7935098475781    2.0181143697099    4  
381  1.7248919778850    green  0.3886405763827 0.2253129943008   2.3551371366220 1    
382    2.6781567924212  yellow    0.2202649950982 0.0822449961561  3.3084019511582 2   
383   2.2312750370691  green  1.8735906915942 0.8396950893401   2.8615201958061  5   
384 0.7010276129334 red    1.4859230442159  2.1196355418842  1.3312727716704   3  
385   1.6253912632210   magenta   1.1234268609600 0.6911731878845 2.2556364219580  4  
386    2.2950382085290 green   1.0899748291766   0.4749266592277    2.9252833672660   5 0.5176581042632   386    0.5441138906509 blue    0.0775874372393  0.1425941123217 1.1743590493879  0   
387  0.5572986900431 red  1.6869905965946  3.0270851640870    1.1875438487801   3  5.1066642069057   387   2.8470926071479   yellow 0.5896138426940   0.2070933137945   3.4773377658849 2   0.1221050845426   387   2.5983391853378   green    1.9134033452597    0.7363947540248  3.2285843440748   5  
388  1.8650724418941 magenta 1.9717647581528   1.0572054542559    2.4953176006311    4  
389  2.2764832820531   yellow  0.7424418140938   0.3261354124350 2.9067284407901 2  
390  1.5856895428383    magenta 1.7897171877777   1.1286680900816    2.2159347015753 4  2.0199966801152   390    0.1844561771858    red  1.6635496559186  9.0186714335016  0.8147013359228   3    
391  0.1558227033553 red 1.1020763106411 7.0726298986643 0.7860678620923  3 
392 1.1027633724880 green  0.4436896899753    0.4023435136173    1.7330085312250 1   
393 2.7317286817561  yellow    0.9298344703857    0.3403831707723 3.3619738404931   2 
394    1.5241897134143  magenta  1.5487807259947 1.0161338266254 2.1544348721513   4    
395 0.1142826352498    blue    0.8796612016259  7.6972428899903   0.7445277939868  0  
396  2.8177579800050  green 1.8528506256206  0.6575620187286    3.4480031387420   5 
397   2.2986706730564   yellow    0.0403978085775    0.0175744220566   2.9289158317934    2 
398  2.2714597015062  yellow    0.6513650988689   0.2867605788634    2.9017048602432 2  
399  2.5528323055869  yellow    0.7518681080273 0.2945231092469   3.1830774643239  2  
400   1.9035869174585    green   0.5724753241624 0.3007350591202    2.5338320761955    1   
401   1.4590365846387   magenta  1.8118868343579  1.2418378356199   2.0892817433757   4    
402   2.1646193796001    yellow    0.6672338863542   0.3082453629688   2.7948645383371  2  
403  2.9097761627593   yellow   0.9018385636696   0.3099339994642  3.5400213214963    2    
404 0.1669575786855  red   1.5760766374410 9.4399825982718  0.7972027374225    3  
405  0.2299533973526 blue  0.0836795406846  0.3638978229850  0.8601985560896  0 
406  1.9777372529025    green    0.0142193624383   0.0071897125958 2.6079824116395 1 
407  2.1804929324811  green    1.9942890462951  0.9146046825411  2.8107380912181    5  
408    2.6598727898194  green   1.7507480323900 0.6582074297278  3.2901179485564    5   
409  0.5929813191321  blue  0.3145179762813    0.5304011545281   1.2232264778691   0 
410    0.5732833464470    blue  0.5402461969949    0.9423720405331   1.2035285051840   0 
411   2.9709105918056   yellow    0.4953258745007  0.1667252713249 3.6011557505426  2  
412  1.4649922334731    green    0.8289295797096   0.5658252383662    2.0952373922101    1 
413 1.4486768783512    magenta    1.8849926918890   1.3011822857519 2.0789220370882    4  
414    1.0606772186296   green  0.5622937031954   0.5301270672354   1.6909223773666 1   
415  0.9760892316530   red 1.8680030892247  1.9137626239984   1.6063343903900 3   
416  1.5687891942201 magenta   1.1456737483251 0.7302917132181    2.1990343529571 4  
417  1.1925778302290    green   0.0300067229205    0.0251612281898 1.8228229889660 1   
418 2.4925812338709 yellow  0.5802386543267  0.2327862564486 3.1228263926079  2  
419   1.5619668773501 magenta 1.9585590758338  1.2539056392518  2.1922120360871   4    2.4558482699957    419    2.8577328610712 green  1.1021436939259 0.3856706513543 3.4879780198082 5   
420 2.1365432031030 green 1.4512609176067   0.6792565277870  2.7667883618400  5    
421 2.3887173667116   yellow    0.9635323378846    0.4033680800048   3.0189625254486    2    
422    0.1843242087736 red    1.9862511394443    10.7758560454937    0.8145693675106 3  
423   0.3822622271037   red    1.0524852536921   2.7533069685343   1.0125073858407   3  
424    1.0813304529515 green  0.8192193113517 0.7576031074642    1.7115756116885   1  
425    2.9380336464326 green   1.9542613547486 0.6651596237237 3.5682788051696    5 
426  1.9853763477625 magenta    1.9693851080584   0.9919454869490  2.6156215064995    4    
427 2.9466675760529 green  1.5827538915627 0.5371335078397    3.5769127347899   5   
428    1.9413496399401  green    0.0175732111820   0.0090520588463    2.5715947986771    1  0.0001590737417  428  0.5760952900756    blue    0.8788747468430   1.5255718315761    1.2063404488126  0   
429  1.8051427748163 magenta 1.5711331984996   0.8703650594394   2.4353879335533   4    1.3674594396993  429 1.8607679776080 magenta 1.2769258477931   0.6862359322384  2.4910131363450 4 
430    2.8902901816814   green    1.3980935946691   0.4837208400493  3.5205353404184  5   
431    2.0166120260816   green 1.9465304095918 0.9652478436192   2.6468571848186 5  
432 0.6488128988792   red  1.8544591906398  2.8582341594061 1.2790580576162   3    5.3004786059111  432    1.8253901820471  magenta  1.9862038852406 1.0880982623743   2.4556353407841    4    
433  0.6444894476190    blue   0.3058790839675  0.4746068148945 1.2747346063560    0   
434  2.0969121388263  yellow  0.0259262354204    0.0123640065506  2.7271572975633    2  
435   2.7695423586439 yellow   0.7174533094168    0.2590512137060  3.3997875173809  2  
436  0.2380136761452 blue   0.9655616628789  4.0567486646853    0.8682588348822  0  
437 0.3168277462264 blue 0.7791131028762    2.4591062877412   0.9470729049634  0   
438   0.3124815288061 blue 0.0172557465910  0.0552216531228  0.9427266875431   0  
439  0.4225226555583  blue   0.0762753484072   0.1805236888573    1.0527678142953    0    
440  0.0632415332191    red    1.5154122988912 23.9622953738491   0.6934866919561  3  
441  2.6603382403847 yellow  0.1160826028429   0.0436345277757  3.2905833991217  2  
442  0.7596669757000    blue    0.9990762205728 1.3151502599573   1.3899121344370    0   
443 2.4525306704400 green   1.5747493501478 0.6420916032277  3.0827758291770  5    
444    2.5280183654523    green  1.8253057605971  0.7220302611490  3.1582635241893    5    
445    1.3317442294733    green    0.9747925875993  0.7319668191728  1.9619893882103   1    0.7135158296982   445   0.4221814731557  blue   0.3627767809243 0.8592910963445   1.0524266318927   0   
446  1.9942781492905   magenta  1.1287837446865   0.5660111881024  2.6245233080275 4    
447 2.2068811723725   yellow  0.2529096143874    0.1146004676434 2.8371263311095   2    
448  2.9629137677538 yellow 0.4404100573145    0.1486408622848   3.5931589264908   2 0.0654629306781  448 0.0012229148402  red    1.0600485937801 866.8212690619398  0.6314680735772  3 
449   1.2067563929201   magenta 1.6765061374319   1.3892664230062   1.8370015516571  4  2.3291136846978  449    0.5332564377049  red  1.4744927382995  2.7650725505452   1.1635015964419    3    
450    2.2110185376859    yellow  0.8495236170822    0.3842227473910   2.8412636964229  2    
451   0.0912283813087  blue    0.2825994826754   3.0977145338053  0.7214735400457    0 0.8754125247294    451  2.3912422211810    yellow  0.2213596991950    0.0925710064979   3.0214873799180  2   
452  2.5301395218799  yellow 0.6782200783785 0.2680563947219  3.1603846806169   2    
453    2.0429955360446    yellow 0.9647147928533 0.4722060209300  2.6732406947816 2  
454   2.7622259370710  green    1.2112494819603  0.4385048542570   3.3924710958080   5    
455  2.1360538157819 green    1.9864161942317  0.9299466986999    2.7662989745189  5 
456    1.3559699657676   green  0.9201958569581    0.6786255449524  1.9862151245046 1    
457    1.6543936903842   green 0.6286507462492   0.3799886024125 2.2846388491212 1  
458 1.9311821253227  green 0.9116421578111  0.4720643101741  2.5614272840597    1    
459    0.4746371151131    red    1.3270118076816   2.7958450054320   1.1048822738501    3    
460    2.2988724670617   yellow  0.3776132075563   0.1642601810090  2.9291176257987   2  
461  0.6125933672085  red   1.4625120226631 2.3874108029078    1.2428385259455  3 
462    1.7626275660975  magenta  1.4398446102188    0.8168739885345    2.3928727248345   4   
463  1.0981580549668   green 0.1499334996879    0.1365318034228  1.7284032137038  1 
464    1.0518835562669    green    0.7707583803265  0.7327411629686 1.6821287150039    1  
465  0.1274527610766 blue 0.4186619590766  3.2848402462216 0.7576979198136  0  
466    0.1334781158442   blue 0.8873861869692  6.6481773536922   0.7637232745812 0    
467   2.9102729480288    green   1.1442587372314    0.3931791820442 3.5405181067658 5    
468 1.6051844639375   magenta    1.4449345799413   0.9001673093676  2.2354296226745  4  
469   1.9640067756422    green 0.0649481851322  0.0330692266125    2.5942519343792 1    
470 0.5856006899708   red   1.4811429114494   2.5292711173603    1.2158458487078   3   
471    2.1732644610304 green   1.4735538312274    0.6780370533132    2.8035096197674    5  
472   0.6869154973198   red 1.3315877976654    1.9385030660409   1.3171606560568    3  
473 2.1398141765912   yellow  0.6795244055247    0.3175623439448  2.7700593353282    2  
474  1.8242134937810 magenta 1.3094434923234  0.7178126336569  2.4544586525180  4  
475 1.6076305970972    magenta   1.7000217342448   1.0574703774078   2.2378757558342  4 
476  2.3810994290623    green    1.3329321060230    0.5597969113570 3.0113445877993   5 
477 2.5462341703767    yellow  0.2987019594494   0.1173112681169 3.1764793291137   2    
478  0.4175506787295  red  1.2819029266970   3.0700535096660 1.0477958374665    3  
479    2.6266697599321   green  1.1633149264635 0.4428858717639 3.2569149186691  5   
480  1.8675126662059  magenta  1.8802437298819    1.0068171230677 2.4977578249429    4    
481   2.7377383762313   green 1.9360449810008 0.7071694643321    3.3679835349683 5  
482  2.7437324043790   green   1.7187725196984  0.6264359151626   3.3739775631160 5    1.0767008363336  482    0.1065982143884   blue  0.1118297193457   1.0490768535602    0.7368433731254   0    0.1173179701057 482  2.2858976580827   green    1.3285978412902 0.5812149273579   2.9161428168197    5  
483    2.6894547954882   green    1.6107861908118    0.5989266648073    3.3196999542252   5   
484   2.7635518006079 green  1.5201180203202    0.5500595356982   3.3937969593449  5  
485  0.3478709940558 red    1.7320562427077    4.9790188670632  0.9781161527928  3  
486 2.4074435833313   yellow  0.3376223690122   0.1402410305063 3.0376887420683   2   
487    2.4522624920483 green  1.4424772805816 0.5882230329172    3.0825076507853 5 0.8484983608978  487 0.8328682739446  blue 0.1551833892068   0.1863240491463 1.4631134326816    0 
488  1.0824417078739    green  0.8643990373173   0.7985640529458  1.7126868666109    1 
489    0.7100703176610   red    1.3840698024144  1.9492010410653 1.3403154763980   3    
490   1.1354322442146   magenta    1.2483491846734   1.0994484180224   1.7656774029516  4    
491    2.7274863067035   yellow  0.4511419936044    0.1654057776553 3.3577314654405  2 
492   0.1027823675793   red   1.8401932948868    17.9037838709685 0.7330275263163 3 
493 1.7069341238557   green    0.7227938390718 0.4234456555588 2.3371792825927   1 
494 1.0321528200110 green 0.8465488888379 0.8201778577991 1.6623979787480    1    
495 0.0992266481179  blue    0.1016311920575    1.0242328445558    0.7294718068549 0    0.1040940049366   495  1.2097185905901 green  0.1227808000909    0.1014953403593   1.8399637493271 1    
496   2.0793645147891 green   1.5159542276545 0.7290468875816    2.7096096735261    5   
497 0.5565115468446    blue 0.4732936252731 0.8504650585538    1.1867567055816 0 
498  2.7553656794508    green 1.8223908755084    0.6613971020615   3.3856108381878    5   
499  2.7268707815682    green   1.7565091336266  0.6441482836295    3.3571159403052    5   
500   2.5462393914435   yellow 0.5046910389048   0.1982103649016   3.1764845501805    2 0.1000349949839   500 1.3780089253090    magenta   1.8055549297333  1.3102635959548  2.0082540840460 4  
501   1.6320609087581   green    0.9956546941744   0.6100597648234 2.2623060674951  1 
502    1.3978272225502   magenta    1.8471144360465    1.3214182741960  2.0280723812872   4    
503    2.5035051111843   yellow  0.3184771145795  0.1272124882656    3.1337502699213 2    
504   1.5814439807337 magenta   1.6857329700941    1.0659454211663 2.2116891394707 4 
505  2.4333944796371 green    1.6863713324277  0.6930119002650 3.0636396383741    5    
506 2.0565735523685    yellow   0.8158075901425 0.3966829142595  2.6868187111055   2 
507   0.0713585976754    red 1.7561514544680  24.6102293441261    0.7016037564124 3  
508    2.5329927833147   green    1.5104394661008    0.5963062650831  3.1632379420517   5 
509   2.6213106629358   green    1.9545675975616    0.7456451557606   3.2515558216728   5  
510    0.9186607789208  blue  0.9386416967482 1.0217500499486   1.5489059376578 0    
511   1.5729967400687 green  0.8840215819791 0.5619983560427 2.2032418988057    1  0.4968186757786  511   2.7248982028234 yellow 0.2691517385121  0.0987749701010   3.3551433615604  2   
512 1.6470401677673    magenta  1.6382853352121 0.9946845057416    2.2772853265043 4  
513    2.6520424756755    green  1.2802068117185    0.4827248520567    3.2822876344125    5 
514   2.2737784555020    yellow    0.7308083763504   0.3214070282802  2.9040236142390  2  
515 0.3377788729357   blue    0.0707669544275  0.2095067515989 0.9680240316727 0   
516  0.6522725640016 blue    0.1605179473383   0.2460902944523 1.2825177227386  0  
517   2.7761442742425 green  1.8291089955565 0.6588666923860   3.4063894329795 5    
518  1.7595586977979  green   0.8334525829747  0.4736713722695  2.3898038565349   1    
519   0.0512064560671 blue    0.0069401228811    0.1355321850824  0.6814516148041  0  
520 2.3164122308704  yellow 0.8450466770422 0.3648084161275    2.9466573896074 2  
521  0.1049189562665    red   1.2603155197793  12.0122765668594   0.7351641150035 3    
522   1.8663842652805   green 0.9190809790454 0.4924393096013    2.4966294240175    1    
523 2.1830655729760    green 1.3980059046950   0.6403865838941  2.8133107317130    5 
524    0.5923463310229  red   1.2149153871606   2.0510220516817 1.2225914897599  3  
525  0.5064088023886 red  1.5550330467308 3.0707069849419 1.1366539611256 3  
526    0.7840160910424  red   1.8680809445643   2.3827074034675 1.4142612497794    3    
527   2.8601681632136    green 1.3177848750262  0.4607368517611  3.4904133219506   5   
528   0.6196762776953    red  1.2159172440527   1.9621813643971 1.2499214364323 3 
529   1.5094109810992 green    0.2650319762843    0.1755863575945    2.1396561398362   1    
530  2.0665546404341  yellow    0.2961387890592 0.1433007302420  2.6967997991711    2 
531 2.7435401973034  yellow 0.6737414027143    0.2455737311145   3.3737853560404    2 
532    0.7203078590994 blue   0.1376822902400    0.1911436735011  1.3505530178364    0   
533 0.3982885843797    blue 0.8632900391929    2.1674988263533   1.0285337431167  0    
534 1.1696236088651    magenta 1.0483729244712  0.8963335867412    1.7998687676021    4   
535  2.2335813910813   yellow  0.9260912475815   0.4146216705061 2.8638265498183   2 
536   1.9006314013123  magenta    1.3348792581081   0.7023346332100   2.5308765600493    4    
537   0.0009543808181   blue   0.2418490509803 253.4093795560627   0.6311995395551  0  
538   2.5054342978369    yellow 0.8768175733453  0.3499663008933    3.1356794565739    2   0.3068566027019  538   2.6677054614579   green    1.2430992650005    0.4659807025027 3.2979506201949  5    
539    1.8257206418703    green 0.7745200689065    0.4242270428148  2.4559658006073  1   
540    2.7431509658056  yellow    0.9545278209161 0.3479676593868   3.3733961245426   2  
541 2.9711332166450   green    1.3404600842073 0.4511612191260 3.6013783753820 5    
542    0.5937593102588   red  1.0731338315625   1.8073549551496    1.2240044689958 3    
543  2.0871265406257  yellow    0.8944297086247    0.4285459895290 2.7173716993627    2 
544    2.1609999628201    yellow    0.0124170086772    0.0057459550628  2.7912451215571    2  
545 2.4273959073284    yellow  0.5368106475757  0.2211467218656 3.0576410660654   2   0.1187139149739    545 0.3922001189787  red   1.7082515258297 4.3555609577016   1.0224452777157  3   
546    1.8089043094074  green  0.4704584456211  0.2600792331437   2.4391494681444  1    
547  0.7456103823217  blue 0.1547540191673    0.2075534660413   1.3758555410587 0 
548 2.8075597899805   yellow 0.3932559071007  0.1400703587878 3.4378049487175   2   
549   2.1201041976857    green  1.0256050377003 0.4837521848312  2.7503493564227  5   
550   0.1258563435430    red  1.8027021829121  14.3234908321944 0.7561015022800 3  
551    2.0943298485412  yellow  0.9249997863145  0.4416686258656  2.7245750072782  2  
552    2.7465427857761   green    1.8419611750224   0.6706471803613    3.3767879445131  5   
553 1.9623260464489  green  0.4769626606074   0.2430598429198    2.5925712051859   1    
554  0.6004600385779    blue 0.8267026086488  1.3767820596467  1.2307051973149 0  
555    1.4767690531781 green  0.4303969391435 0.2914449881092   2.1070142119151 1    
556    0.0197904782529    blue    0.4009441647478  20.2594479842732    0.6500356369899 0  8.1229074503069    556    2.8545504660032  yellow    0.8279967482864   0.2900620458974   3.4847956247402    2    
557   2.0548497518879    yellow    0.7204778434701 0.3506231260014 2.6850949106249    2  
558    1.1185710536904    green  0.6561854063488   0.5866282737998  1.7488162124274    1  
559 1.8658782687322 magenta  1.2927177909889    0.6928200047408    2.4961234274692   4  
560 2.3455558222836  yellow   0.2440419031837  0.1040443808095   2.9758009810206    2    0.0253911887083  560  0.1643108384701    red   1.6271479722513   9.9028645182596  0.7945559972071   3    
561    2.1320880561740   green   1.8898573477743 0.8863880374461 2.7623332149110 5   
562   2.9873890832223   yellow    0.5308996038679    0.1777135783382   3.6176342419593    2  
563   0.1442528350867    red  1.4536061265657   10.0767941627794  0.7744979938237 3    
564   1.1813144800533 magenta  1.2379983205665  1.0479837007591 1.8115596387903 4 
565   2.0344079550096   green   1.7311987140504 0.8509594694552   2.6646531137466  5 
566   1.1931040579135 green  0.9725283749088  0.8151245220049  1.8233492166505 1   
567 0.8977049299509 red    1.6505588652969   1.8386429774728  1.5279500886879   3  
568 0.5558956807534   red 1.7277179370119  3.1079894966448 1.1861408394904 3    
569 2.1830681791926  green   1.6935115177264 0.7757483407379   2.8133133379296 5 
570   0.5478460088037   red  1.1140016420271  2.0334211149218 1.1780911675407    3    
571    0.7081275540589 blue  0.5923478520715 0.8364988040307 1.3383727127959   0  
572   1.8964273504340 green    0.0188370458827 0.0099329119454    2.5266725091710  1 
573  0.1135812200589    blue  0.2178312757184  1.9178458868953 0.7438263787959  0    0.4177668161737  573  1.3630071393072 magenta  1.1323437667272   0.8307687715434    1.9932522980442  4  
574 2.5705926877700 green   1.7989844985737    0.6998325744614  3.2008378465070   5  
575    2.4252467346235  green 1.3856109762890   0.5713278391463   3.0554918933605  5   
576 0.2706179393215  red   1.0939322014657  4.0423491665346  0.9008630980585    3    
577 0.7930874094952  red 1.6514480182018  2.0823026547010   1.4233325682322 3   
578  1.7252606837562    magenta    1.9773887685053 1.1461391238570   2.3555058424932  4 
579 2.4427058251242 green 1.0193483195316  0.4173029388341  3.0729509838612    5   
580 0.9538107083930 red   1.7175041906917 1.8006761463030    1.5840558671300   3  
581  2.5132491467627    yellow   0.4507249368941    0.1793395364223  3.1434943054997 2    
582  0.1498458700514 red    1.1923183102423 7.9569647787666   0.7800910287884    3  
583    0.0496804078017 blue  0.4897428676708   9.8578673030624   0.6799255665387   0  
584 1.9250259962941  green   0.9164171713572    0.4760544393278  2.5552711550311    1 
585   1.3854817040031   green  0.6802915700238  0.4910144739250 2.0157268627401   1  
586    0.5365901601553 blue  0.7624625615243 1.4209402597014  1.1668353188923  0   1.0834137501849   586    2.2119865560996 yellow  0.3251397105673  0.1469899126063    2.8422317148366 2    
587   2.1004202973527    green    1.3665849293090 0.6506245112140   2.7306654560897    5 
588    1.1366853923120  magenta 1.2163834102392  1.0701144032168    1.7669305510490 4  
589 2.0785162925275  yellow    0.6069883588910    0.2920296372336   2.7087614512645    2    
590   2.9072465258192   green   1.3366039604705    0.4597490954414   3.5374916845562  5    
591    2.9889219006154  green 1.0172608644161   0.3403437420719  3.6191670593524 5  
592    2.2320365285268  yellow   0.8665370571244    0.3882270948748    2.8622816872638 2   0.3364131642887 592   2.2171117392296    yellow  0.5754480723617   0.2595485207983 2.8473568979666    2   
593 0.5120906734508 red   1.2958489213069    2.5305067803219  1.1423358321878   3   3.2791544816399  593  2.6117270304854  green  1.1115569484607 0.4256022683405   3.2419721892224   5    
594  1.7473565028556  magenta  1.3466753799812 0.7706929740900    2.3776016615926  4  
595   0.0279526484136 blue  0.0280433625684    1.0032452794286    0.6581978071506 0    
596   1.7966700553049   green 0.9191489831141   0.5115847400029  2.4269152140419   1    
597    2.5348510410536    green    1.1225854181889  0.4428605073860  3.1650961997906   5 
598  1.4229916200206 magenta  1.2469105796865   0.8762599597519   2.0532367787576   4   
599    2.5153707880293    yellow  0.5288888443923    0.2102627759332 3.1456159467663  2   
600   1.5824764733339   magenta  1.4549301512774  0.9194008099294   2.2127216320709   4 
601 2.9533844881329   yellow  0.6970848962452    0.2360291723093 3.5836296468699    2    
602    0.1872993074650  blue    0.4671999584304   2.4944030213120  0.8175444662020    0  
603 2.1592348212512 green    1.8616996269957  0.8622034105197    2.7894799799882    5    
604   1.6576103553917 magenta   1.7020647710438 1.0268183747209    2.2878555141287   4    
605  0.7867734718964   blue   0.6796710803304   0.8638713741735   1.4170186306334  0    
606    1.7640587217954 magenta    1.5397027715635  0.8728183209210   2.3943038805324    4  
607    0.2248898766073  blue  0.2869006306908    1.2757383080954  0.8551350353443    0   0.3660101251889   607  1.9115136550567 magenta   1.4342786497947    0.7503365963410    2.5417588137937 4  
608 0.4969545897949 blue   0.1864617556248   0.3752088409159  1.1271997485319 0   
609 2.2568844406606    green    1.7809008823494    0.7890970624212   2.8871295993976 5 
610   0.5604509208554  blue  0.7200823214774  1.2848267255558 1.1906960795924    0   
611    1.8185323833573    magenta  1.7970792456882    0.9882030488621   2.4487775420943  4   
612   1.8732586793552  green   0.1543229608731   0.0823820877351  2.5035038380922  1    0.0127134477022 612 2.7389026078642  green 1.5115109240237 0.5518673499685   3.3691477666012  5    
613    0.3881325867949   red  1.7507228402244   4.5106309023975 1.0183777455319   3 
614 1.9169730991177  magenta    1.0246787314057 0.5345295308929 2.5472182578547 4  
615   1.3590519917425  green    0.5480110035397  0.4032303450268  1.9892971504795  1    
616    2.4903874521787  yellow 0.2501330150603    0.1004393974285 3.1206326109157 2 
617 1.8907318471519  magenta 1.1061847293454   0.5850563796298   2.5209770058889  4 
618   2.3711094913442 green 1.2494411294396    0.5269436666677 3.0013546500812    5 
619   0.0250070023318    blue  0.5761842305690 23.0409156172947 0.6552521610688    0    13.2758122365567    619 0.3850727000743  red    1.1480899132619 2.9814887241819 1.0153178588113    3  
620 1.4222632733202  magenta 1.7851364297418  1.2551378237972   2.0525084320572  4  2.2405922536074   620    1.7219680347085  green   0.2468305293816 0.1433421088001    2.3522131934455   1    
621   0.7307166738906    blue   0.0490498524319 0.0671256783710    1.3609618326276  0   
622   1.2776477946447   green 0.5851555627205   0.4579944216029   1.9078929533817 1   
623   1.3768878659998    green   0.1802666950544 0.1309232941228    2.0071330247368 1    
624 1.1945978496260 magenta 1.3789871968700   1.1543526529048  1.8248430083630    4 
625    0.3132463316394 blue 0.4036893140529 1.2887279858638   0.9434914903764 0    
626   1.5397626453510 green 0.5122379489738    0.3326733185276   2.1700078040880   1 0.1704078983609  626 2.0663110266747   green    1.2841282221786    0.6214593086913 2.6965561854117    5  
627    1.8502652660794 green    0.1594411376908  0.0861720427951   2.4805104248164 1 
628 2.6087501538062  green  1.9623214521503 0.7522075079851 3.2389953125432   5 
629  2.0189047109591    yellow    0.3415703371435   0.1691859627101   2.6491498696961 2    
630    0.5733399956759 red 1.2250036827031    2.1366095021142    1.2035851544129 3 
631  1.9998731915731  magenta    1.2122175365668   0.6061472005699   2.6301183503101 4 
632    2.6182786146100    green    1.4313267390357   0.5466670854083  3.2485237733470   5 
633   1.2309730399941 green   0.7950726499836    0.6458895720311    1.8612181987311   1   
634 2.2471622511687  green 1.2378597067722    0.5508546194777 2.8774074099057  5  
635 2.7953130962671  green   1.8174911995588 0.6501923530448   3.4255582550041   5  1.1817188796793 635   2.2416326634395    green 1.9048679005257   0.8497680871597   2.8718778221765  5 
636  0.6238021886774   blue 0.8961201170859   1.4365453237440    1.2540473474144  0   
637 0.0836790781129  red 1.6875431568441    20.1668468977003 0.7139242368499    3 
638 2.1017015196289 green    1.5105774780920  0.7187402511651  2.7319466783659    5   
639    2.7504221054258  green  1.5502177304170  0.5636290252899   3.3806672641628   5   
640  1.2654943135726    magenta    1.3152045255298    1.0392812606299    1.8957394723096  4    
641   2.3073581166742   green 1.8927980415838    0.8203312818697   2.9376032754112    5 
642    0.2967510711904    red 1.6775714804801  5.6531269583979    0.9269962299274 3    
643 1.4617612240091 green   0.2624064147063 0.1795138702521    2.0920063827461 1  
644   1.4426988911250  magenta   1.7596262986414 1.2196767526932    2.0729440498620   4 
645   1.3825346806155    magenta  1.8557398453940   1.3422736307546  2.0127798393525  4  
646  0.0606473562029 blue 0.1120185914942    1.8470482228339   0.6908925149399   0  
647   1.9998113321306 green 0.1094527298303    0.0547315279556 2.6300564908676  1   
648  0.9691455745777 red  1.1983113887420    1.2364617041812  1.5993907333147   3    
649    1.9791352903292    magenta   1.1935869845773  0.6030850899429 2.6093804490662 4 
650    2.5557140234146    green 1.2341250030406   0.4828885359371    3.1859591821516 5 
651  2.9302369336716  green    1.3001723932383    0.4437089637012  3.5604820924086  5    
652 1.6439117016654  green   0.8480196707852   0.5158547566308 2.2741568604024  1   
653    1.0762760313495 green   0.2427557164085   0.2255515400673   1.7065211900865  1  
654  1.7045789332352    green   0.5969226350523    0.3501877345858    2.3348240919722  1  
655  1.3689349364237 magenta 1.7055694147208  1.2459097721449   1.9991800951607  4 
656    0.2304800198648    blue   0.7653588494799    3.3207166934857  0.8607251786018  0 2.5415399079750  656    0.3682480036373    blue  0.3759339919794   1.0208717719207  0.9984931623743  0   
657 2.5317780100053    yellow  0.1606362015475    0.0634479803966  3.1620231687423   2 
658   1.5736849977799    magenta  1.0733067518081    0.6820340495857 2.2039301565169    4  
659  1.1852030150430 magenta 1.5963238270642   1.3468779667308 1.8154481737800   4  
660    0.0553718272143 red   1.2814911493398    23.1433783895310    0.6856169859513  3  
661 2.0697471236395 yellow    0.0518551320285  0.0250538490602 2.6999922823765    2    
662 0.8286586657703    blue  0.2460259014708 0.2968965529879  1.4589038245073    0    
663   0.6317150331681  red   1.6525378460354   2.6159545986230   1.2619601919051   3 
664   2.9379788193114    green 1.4149669246689  0.4816123640403    3.5682239780484  5   
665 2.4131380209627   green    1.3153435710897    0.5450759797672    3.0433831796997    5  
666    1.6057384707929 green 0.2156017795591    0.1342695485478    2.2359836295299    1  
667    1.2718580190877 green   0.4274634822180 0.3360937115643    1.9021031778247 1  
668   0.1753948291401 red    1.1951754146399   6.8141998284639   0.8056399878771   3 
669   2.5699951054037   green    1.6064669128285 0.6250855923619  3.2002402641407   5 
670 2.7131353507414    yellow 0.4379887004933   0.1614326761743   3.3433805094784    2  0.0707056880547   670  2.7443705358960   green  1.8075687083822  0.6586460118047 3.3746156946330    5   
671   0.5559028004559 blue    0.0545090514290   0.0980550041919    1.1861479591929   0   
672 2.1584801997235 yellow 0.4412809803435  0.2044405968607   2.7887253584605  2 
673   1.4041980544543    magenta 1.3163447369733  0.9374352377129 2.0344432131913   4  
674  1.8568210062851  magenta 1.5477919197907   0.8335708797734 2.4870661650221  4   
675   1.2007968996484    green    0.2865287740276 0.2386155178378  1.8310420583854    1   
676 0.0242555091297  red 1.6356499971070   67.4341646823613   0.6545006678667 3 
677    2.2181059770996    yellow    0.4753608211169   0.2143093368958  2.8483511358366   2   
678  0.1483876828304  red   1.6040175443867  10.8096407585250 0.7786328415674   3 
679   1.2821960362402  green    0.7253070968320    0.5656756660696 1.9124411949772   1  0.4102885751055    679   1.5108974086261 green 0.9514299071169 0.6297117869717    2.1411425673631  1   
680  1.4994418252642    green 0.2961350202960 0.1974968386945    2.1296869840012    1  0.0584857303352    680    1.0185583107225   magenta   1.3310853897511  1.3068327809401    1.6488034694595  4   
681   0.4038366064575    blue 0.1587878924508   0.3931983626835  1.0340817651945   0 
682  2.0371834820101    yellow   0.4476347131878   0.2197321533091   2.6674286407471   2 
683  2.1185824407221   green  1.5687539714744   0.7404734134111    2.7488275994591   5  
684   0.7029002056493    red   1.2550313235333   1.7855042770601 1.3331453643863   3  
685  2.9412650027274    green 1.5202821222064  0.5168803629719    3.5715101614644 5    
686   1.2653292405947   green  0.8680065212776 0.6859926202841  1.8955743993317 1 
687   0.7851060833222   red  1.7100091769357    2.1780613005820 1.4153512420592   3 
688  2.1014394392240  green 1.6544690498156 0.7873027501695    2.7316845979610   5  
689    2.4695759056053   green    1.0619564881268 0.4300157309263 3.0998210643423    5    
690    1.0908075600929  green 0.7216624030560  0.6615854431689 1.7210527188299  1   0.4774413407441 690   0.3650486643823    blue    0.9498699266932   2.6020364388963    0.9952938231193  0    
691    0.3222365298477  red    1.2947490315382 4.0180082380790   0.9524816885847   3  
692  1.3669065820675 green    0.1967900699913  0.1439674609611    1.9971517408045 1 
693  1.7397082005144 green    0.2227026777802  0.1280115123412  2.3699533592514 1    
694 0.5541733828782    blue 0.2794620773693  0.5042863587527   1.1844185416152   0 
695  1.5073074755685   magenta    1.6987910016911   1.1270368051816    2.1375526343055   4    
696 2.6342023446518   yellow   0.1070749458975 0.0406479578590   3.2644475033888    2    
697  0.0827812446849 blue 0.7964652989940 9.6213254829122    0.7130264034219 0    
698 0.8056272219341   blue  0.1453941845805   0.1804732767488   1.4358723806711    0    
699  1.7973063441661   magenta   1.2900442269159   0.7177653554182    2.4275515029031   4    
700  1.5288388978652   green 0.3411281275434    0.2231288908333 2.1590840566022 1    
701    1.9994592933639 green   0.0544743728448    0.0272445520774    2.6297044521009   1    
702    1.6574264308405   green 0.0467090334234  0.0281816631823 2.2876715895775    1  
703 2.8196782525756 green 1.3854178052777 0.4913389689097 3.4499234113126    5  
704    0.4545062786895 red 1.7284363603700 3.8028877518564 1.0847514374265  3 
705  1.7156080434658  magenta    1.3059263820623   0.7612032288122    2.3458532022028 4 
706    1.6516780793842  green    0.9173074254299  0.5553790638015    2.2819232381212    1  
707  2.2789043548489    yellow    0.9274122079247   0.4069553011084 2.9091495135859  2    0.3774153143276 707  0.7509251914463 blue 0.4876291012171    0.6493710782001    1.3811703501833   0   
708 1.6193054770612    green    0.3578039909084 0.2209613911501    2.2495506357982   1 
709   0.6182968404519    blue   0.9817070421460 1.5877600820804   1.2485419991889   0  
710  2.9807164153344  green 1.2884964978340 0.4322774522277    3.6109615740714    5 
711  0.9507447580813 blue 0.1253428663306  0.1318365052925   1.5809899168183   0  
712   1.0805574477133  magenta 1.5719456722451    1.4547543729134   1.7108026064503   4    
713  2.6118085033205    yellow 0.2887192792721 0.1105438162503   3.2420536620575   2 
714 2.3012114418343 yellow    0.1832835011889    0.0796465278492  2.9314566005713  2  
715   2.1654523343279   green  1.5479728696062  0.7148496621546  2.7956974930649   5  1.1065678828625  715   2.7481130485676   green   1.2989697296194   0.4726769629424 3.3783582073046   5    0.6139930667506    715    0.5912528010093    blue    0.4599207116438  0.7778748969285  1.2214979597463  0    
716   1.2743434092738   green  0.6245130925251    0.4900665613211  1.9045885680108    1   
717 2.3518931838572 yellow    0.5489080125526 0.2333898564442   2.9821383425942   2  
718  2.7597123686046    yellow 0.9461519669084    0.3428444129439  3.3899575273416  2 
719 1.1892082830020   magenta  1.6580650973739 1.3942596272440   1.8194534417390 4 2.3117732246109  719    2.3474445738404  green  1.0705447238108    0.4560468586738   2.9776897325774    5  
720   1.4638061006288 magenta  1.7044585972373  1.1644018948309   2.0940512593658   4  
721    0.7714027273955   red 1.9235998295336 2.4936388752839  1.4016478861325  3 
722    1.7871298875959 green   0.7641251527390  0.4275711340528   2.4173750463329  1   
723 2.0727399690177   yellow   0.7175998725692   0.3462083441703 2.7029851277547   2  
724    0.9843670195303   red 1.2488376444029  1.2686707494515    1.6146121782673   3    
725   0.4283001530703  blue    0.5997222479654    1.4002382293498   1.0585453118073  0 
726 2.0403610559434  yellow   0.0997653942890  0.0488959510369 2.6706062146804 2  
727   1.8890788874232  green 0.4462212001532  0.2362109931586    2.5193240461602 1 
728   2.8279159209344    green 1.0915562737881    0.3859931851960 3.4581610796714 5 
729   2.6142485889392  green 1.1357615450406    0.4344504764566   3.2444937476762  5 
730 0.2763024979727  blue    0.0551658065628    0.1996572849235   0.9065476567097   0  0.0110142551589   730  2.0825967642350    green   1.4882201008194 0.7145982968844    2.7128419229720    5   
731 1.9513560604757    green 0.6249481057526    0.3202634918408 2.5816012192127    1 
732    2.1928133648210    green   1.2758829265308 0.5818474782212    2.8230585235580    5    
733    0.8010256683966  blue 0.5401594865319 0.6743348032943  1.4312708271336  0 0.3642483410981    733  1.9360778498383 magenta   1.1686511976313    0.6036178750399 2.5663230085753  4 
734  2.6514782880160   yellow    0.7516177212302 0.2834711959088  3.2817234467530  2  
735  2.9346563021749   green  1.2524410140946  0.4267760463692    3.5649014609119   5 
736    0.0297969799908  blue 0.2982714462241    10.0101233855329 0.6600421387278    0 
737   2.5710199948645   green   1.1606608887894  0.4514398530963   3.2012651536015   5 
738 2.7932205673033 green 1.7324676965872 0.6202402047540    3.4234657260403 5  
739 2.7810959020609    yellow  0.4659266646705    0.1675334763987    3.4113410607979  2  
740 1.3506276315729  green  0.3578882974757    0.2649792504681    1.9808727903099   1 
741 0.2122185471732  blue 0.3287127285053    1.5489349676726  0.8424637059102  0  
742   2.6846578819059 yellow 0.5289660572797  0.1970329481625   3.3149030406429 2  
743  2.6029695436448    green 1.5382597759319    0.5909634170279   3.2332147023818    5   
744   0.5292474919422    red    1.7460489910588    3.2991162313332   1.1594926506792   3  
745 1.8474055873453  green  0.0213067814762 0.0115333533806    2.4776507460823    1 
746    2.3418298758249 green  1.2755604507936  0.5446853607777    2.9720750345619   5  
747   2.9494488714153  green 1.9224327884537   0.6517939019337  3.5796940301523 5    1.2530299683915   747 0.4078154567873  blue 0.8900982992977    2.1826006947109 1.0380606155243 0 
748 0.7895209045591 blue  0.3931580950881   0.4979704689487 1.4197660632961 0  
749  0.9285433967693   red  1.0803672441394   1.1635075408412 1.5587885555063    3  1.2570154354340  749   2.5808783780049   yellow    0.4184451046924  0.1621328258854   3.2111235367419 2    0.0678436873017  749   2.9443581584280   yellow   0.0299795754627  0.0101820409915   3.5746033171650    2    
750    0.4427963691329   blue 0.7870543731139 1.7774634752656  1.0730415278699 0 
751  0.7691011326416 red   1.6074969082025    2.0900982198287  1.3993462913786  3  
752   2.8363050795431   green   1.1641164731891  0.4104341530766 3.4665502382801    5  
753 0.8270550947208 red   1.7837089563723    2.1566990733240   1.4573002534578    3  
754   1.9597506416384    magenta  1.9557555501108  0.9979614286416    2.5899958003754   4   
755 2.3733138915504    green   1.0213921783570   0.4303653983543  3.0035590502874    5   
756    2.8120884876281   yellow   0.3685176381935 0.1310476678863  3.4423336463651 2 
757  0.2165970193960   red  1.7672609517701   8.1592117781588   0.8468421781330  3  
758  0.3878111494676  blue   0.7526926840197 1.9408742761861    1.0180563082046   0    
759  2.5611642721837 yellow 0.8316503696799   0.3247157469407   3.1914094309207   2    0.2700499709841 759  2.3923379789778  yellow  0.6103377950407   0.2551218934799 3.0225831377148   2  
760   2.4994630609200   green    1.3794747542050 0.5519084381656   3.1297082196570 5  
761 2.7858481480694 yellow  0.4403452111477   0.1580650443754 3.4160933068064  2  
762    2.0531304724377   yellow 0.6745890257630 0.3285660774213   2.6833756311747  2  
763   1.6254294419748   magenta   1.6294190488231    1.0024544940219  2.2556746007118  4    
764   1.1881722586356 green  0.5784146208328 0.4868104070171  1.8184174173726 1    
765 0.0169036631599  red  1.4098108009241  83.4026795015471  0.6471488218969  3 
766 1.1396085239981 magenta   1.1275716873061 0.9894377442441    1.7698536827351  4  
767 2.0459766285635  yellow  0.8332691404862 0.4072720718571  2.6762217873005   2    0.3393672492604    767  0.5395696985197   blue  0.1723032191532    0.3193344986308 1.1698148572567  0 
768    2.7703757956447   yellow  0.8391455428568    0.3028995359315  3.4006209543817  2    
769 2.2443080827213  yellow    0.3356545656673  0.1495581503500 2.8745532414583 2 
770  1.1756995479270    green 0.4253574109667    0.3617909113912   1.8059447066640    1 
771   0.5262362353772   red 1.2990971568059   2.4686577424201   1.1564813941142   3 
772  2.0617450642985 green   1.2454529122621  0.6040770674457  2.6919902230355  5   
773 2.1082796808592  yellow 0.0703600578782  0.0333732087431 2.7385248395962 2 
774   2.7522942512866 yellow 0.5193163073055  0.1886848788289   3.3825394100236    2    
775   1.2644532321437    green  0.2074256810260   0.1640437746158  1.8946983908807   1  
776   2.2067273140284    green 1.3575482379197    0.6151862213739  2.8369724727654 5 
777   2.4035152852120 yellow  0.6584855545816    0.2739676999905 3.0337604439490    2  
778 2.9081044592895   yellow  0.5421730153931 0.1864351927460   3.5383496180265 2    
779    2.7033151951951 yellow  0.6443448540719    0.2383535797887   3.3335603539321 2    
780    2.9836557115829 yellow   0.6053217189502  0.2028792117670   3.6139008703199  2    
781  2.0511315301759    green  1.4698788206601   0.7166185098496  2.6813766889129   5 
782  1.4732055884209  magenta  1.4339145082688  0.9733295335960  2.1034507471579  4    
783    1.3127209214279 magenta 1.7659727110310    1.3452765795110  1.9429660801649   4  
784 0.2796387686430 red  1.4393579563304  5.1472046001176  0.9098839273800   3   
785  1.4609948046838  green   0.0202763978922  0.0138784873342    2.0912399634208   1   
786    2.4517392339046  green   1.9841610794612  0.8092871591002   3.0819843926416 5 
787    1.7092218245649   green   0.6993858860808 0.4091838028448    2.3394669833019    1  
788    2.5160270312336    yellow  0.2444966436252  0.0971756823715   3.1462721899706  2   
789  1.4328923001573    green  0.5643248916120  0.3938362231063    2.0631374588943    1   
790 2.3307430014980    yellow   0.5593847295476 0.2400027498476    2.9609881602350   2   0.1342538733142  790 1.5649656593654   magenta   1.5559499947768    0.9942390655446 2.1952108181024  4  
791   2.5596865249016 yellow  0.3538530437536   0.1382407729662    3.1899316836386  2 
792  0.1075585498292   red  1.4339496036954    13.3318049190175   0.7378037085662  3    
793  0.0756436912033   blue 0.7507178638162  9.9243949082049    0.7058888499403  0 
794   0.9609345336876  red   1.0338895806807    1.0759209336698 1.5911796924246 3 
795    2.2982616972366   green   1.1527547495587  0.5015768008251   2.9285068559736   5 
796 2.6074206048486   yellow 0.2952084186238 0.1132185647666  3.2376657635856    2 
797   2.5247960858771    yellow  0.1278660546685   0.0506441115715   3.1550412446141 2 
798   0.7108964251704    red   1.1353023502555   1.5970010680296 1.3411415839074   3    
799    0.0758896701367   blue  0.5029984422163 6.6280225136089   0.7061348288737  0   
800  0.3758753547637  red 1.0002812131196 2.6612045733839    1.0061205135007   3    
801 2.8884666754691   yellow  0.5173200794101 0.1790985105709 3.5187118342061    2 
802 2.0462909616554    yellow 0.9587300153530  0.4685208669335  2.6765361203924    2  
803  1.1003037540865 magenta    1.8205065158611 1.6545490362092    1.7305489128235    4   
804   1.2218696196691  green   0.8118758009994   0.6644537092421    1.8521147784061  1 0.5394538874180   804   1.9721373732653 magenta    1.8716925535421 0.9490680410580   2.6023825320023 4    1.7763635852530    804  2.2210022665997 green    1.2673160754762    0.5706054849806 2.8512474253367  5   
805   1.3490531413681 green   0.4867111703776  0.3607798354659  1.9792983001051  1    
806 2.0272674650474 green   1.8010491349362 0.8884121932545  2.6575126237844  5 
807  1.3222259331171 green   0.8274097746234    0.6257703421932 1.9524710918541 1  
808  2.2291819639946 yellow  0.1721042817151  0.0772051292783    2.8594271227316    2    
809    2.0620138334678   green    1.5487167273752 0.7510699987743  2.6922589922048    5 
810  1.9353996031737   green    0.1782779864473 0.0921143035035   2.5656447619107   1  
811 2.4920920240049    green 1.6938699640836 0.6796979998200   3.1223371827419 5  
812   0.2958606002462 red 1.8313901314660   6.1900439934961    0.9261057589832   3    
813    2.9239683011925    yellow  0.8483065797594  0.2901216745111    3.5542134599295  2    0.2461121254186   813    0.8471841770797    blue   0.1006184491927   0.1187680930722   1.4774293358167  0 
814    0.2227731487703    blue  0.9561690824049    4.2921199780267 0.8530183075073   0 
815    1.9936308739312   green   0.5139823608509  0.2578121996262  2.6238760326682    1  
816   2.0321203606253 green  1.2648734093695 0.6224402027940  2.6623655193623    5   
817  1.4088961423711 green  0.3556097866281 0.2524031232208   2.0391413011081 1    
818  2.6811957031360  green  1.9977029269027   0.7450791169649  3.3114408618730 5 
819   1.0641537741255  magenta    1.3484062475263 1.2671159754467  1.6943989328625  4 
820    0.0559826504150  red 1.7771276445102 31.7442570392100   0.6862278091520    3   56.4135967388164    820   1.5899752414867   magenta   1.9372262805214   1.2184002806924 2.2202204002237 4  
821    2.8254125512008 green  1.8204033967895   0.6442964925656  3.4556577099378    5    
822  1.7610015045325    magenta    1.1238342165360    0.6381790212237 2.3912466632695   4    
823   0.8137746966015  red   1.1296348208465   1.3881419827430   1.4440198553385  3   
824   1.7298288202047    magenta  1.1697000199967  0.6761940871457    2.3600739789417 4    0.7909442372560    824  2.0220245519097   green    1.9552053048927    0.9669542850239 2.6522697106467  5   
825 1.7307820323819  magenta    1.3964453742571 0.8068291374248  2.3610271911189  4  
826 0.6074329189685 blue   0.3193959106194  0.5258126463771   1.2376780777055   0  
827   2.6429201441373   yellow   0.6845737613630   0.2590217350613  3.2731653028743   2 
828 2.4930043187472    yellow 0.7978622069189    0.3200404431388   3.1232494774842  2    
829   2.2081862144424 yellow    0.8827158141943   0.3997469997870 2.8384313731794 2  
830    0.5638552487335 red  1.8781254343380 3.3308645056627    1.1941004074705    3   
831  0.7736888743587 red   1.0985945687602 1.4199436041663   1.4039340330957  3   
832    0.1649825273170   red  1.4680912924102   8.8984652877177   0.7952276860540    3   
833    0.6085262794160    blue   0.2381379543503   0.3913355304538   1.2387714381530    0 
834   1.4606501127035 green    0.3453626510079  0.2364444763358   2.0908952714405    1   
835 1.5250988860622   green    0.4957789390516  0.3250798643829 2.1553440447992    1 
836  1.7026260052470    magenta   1.0650290789625    0.6255214449212  2.3328711639840  4 
837    1.1662761017757    green  0.1778683762171  0.1525096638320    1.7965212605127    1  
838 0.8210687250491  red 1.3745704600493  1.6741235150164  1.4513138837861 3    
839 1.4187974793127  magenta  1.0982460376706    0.7740682188148   2.0490426380497  4  
840  2.9171656294578  yellow    0.1873214221913  0.0642135024147    3.5474107881948   2  
841 0.1988228971098    blue  0.6808161524405  3.4242341417275   0.8290680558468 0    
842  2.9370874219771 yellow 0.3310489899815 0.1127133593316   3.5673325807141 2    
843 1.7527438457698 green    0.8498932843542 0.4848930357995  2.3829890045068    1   
844   0.6898866014099 blue   0.6158640343802   0.8927032835855   1.3201317601469   0    
845  0.3880867347236  blue  0.2055509506779 0.5296520913663 1.0183318934606 0   
846  1.2755355555705 magenta  1.0932191515425    0.8570667801209 1.9057807143075  4  
847   0.5728205607242    red 1.5911918457522    2.7778190149817 1.2030657194612 3  
848  1.0506214140454  magenta  1.2259073384310  1.1668402357332  1.6808665727824  4    
849    1.4708363821864  green 0.4871530359452 0.3312081764126 2.1010815409234   1    
850 0.4882769149366    red 1.9970049660075   4.0899024813956  1.1185220736736 3    
851    2.0395666384927  green  1.9167423925130  0.9397792434620 2.6698117972297  5    
852  0.2099501996552  red    1.5653082443919 7.4556168413386 0.8401953583922 3   
853  2.1024762532388  yellow 0.8975549718095   0.4269037381168   2.7327214119758 2    
854   2.7572997731766  yellow 0.3349779039534    0.1214876623906   3.3875449319136 2   
855    0.2270624314994   blue   0.1945021185661 0.8566019366644    0.8573075902364 0 
856  1.1798001518063 magenta    1.1234183723969 0.9522107372820    1.8100453105433   4  
857 0.1995624107081 red  1.1039943106779 5.5320754382589 0.8298075694451    3   
858   0.4606560444416 blue    0.9479350403154    2.0577935571530  1.0909012031786    0   1.9506546185607 858 1.8253143763844 green   0.7833543074934   0.4291613092124   2.4555595351214   1  
859  0.4319375921085   red   1.5330342746269   3.5492031780409   1.0621827508455  3 
860    1.4554998948189   magenta 1.1554494028544  0.7938505574390 2.0857450535559    4    
861  2.4447309253211   green 1.7400265213606 0.7117456172123    3.0749760840581   5  
862   1.3069829671898 magenta   1.9697715891231   1.5071134349656    1.9372281259268    4   
863  0.4200547765677   red  1.6171673463365  3.8498963386406 1.0502999353047    3    
864   2.1137945259510    yellow   0.7986090474806  0.3778082673959  2.7440396846880   2 
865 2.4431368783203 yellow   0.4135159267093   0.1692561437628   3.0733820370573   2  
866    1.7253553608939   green 0.4601577731345    0.2667031868126    2.3556005196309  1 
867 0.7359637878133 blue    0.0253276816851  0.0344143042151   1.3662089465503    0 
868    1.7418822042013 magenta   1.2192943424228    0.6999866807767 2.3721273629383    4    
869  0.2088662663090   blue   0.5193028449845  2.4862935224597 0.8391114250460 0   
870 0.9101536781486   blue  0.6631901638866 0.7286573463457    1.5403988368856   0 0.4832383849402    870   1.2980607185079 green    0.5767050532654  0.4442820316821    1.9283058772449   1 
871 2.7571068252578    green 1.1044074399823   0.4005675187718    3.3873519839948  5    
872    2.3963800657487    yellow    0.1517664388663    0.0633315395314 3.0266252244857  2   
873   1.3849292068214    magenta  1.5319763173034 1.1061766260382 2.0151743655584 4    
874  1.0042460087365 magenta   1.7717742180338 1.7642830567611  1.6344911674735  4  
875 1.9743466329791    magenta    1.6710116832246   0.8463618572911 2.6045917917161   4  
876   2.4646756129615   green    1.2305790151423   0.4992864004784  3.0949207716985  5    
877    2.7060778048495 yellow  0.8525550965476   0.3150519526895   3.3363229635865 2  
878    2.8490070305802    yellow  0.8263752844373    0.2900572991106    3.4792521893172  2   
879  0.0383105918154 red  1.3925451960263  36.3488301808906   0.6685557505524   3 
880   2.1497708658389    green  1.5918614443242  0.7404795876713    2.7800160245759    5   
881   0.1010161506750    blue    0.1055431442142 1.0448145520186    0.7312613094120  0   
882    1.7899831267310   green   0.0116946929570    0.0065334096073 2.4202282854680    1   
883 2.8422348905483   yellow   0.6919181907228 0.2434415934530 3.4724800492853  2 
884    0.1248200571975 red   1.0291931180856 8.2454145687292    0.7550652159345    3 
885    1.4809189993846   magenta  1.4926192726625  1.0079006841581   2.1111641581216 4    
886   0.0153197034579    blue  0.4311308004435   28.1422418931796  0.6455648621949   0 
887  0.9084985334373  blue   0.7102617983980   0.7817974077632 1.5387436921743   0   
888    0.9291257128292    red  1.4807623574612  1.5937158309313   1.5593708715662 3 
889  2.6017860564398    green  1.3180976964390   0.5066126375674  3.2320312151768 5   
890 1.6654462894594    magenta    1.6577116930369   0.9953558415714  2.2956914481964 4   
891    0.4145683304842  blue  0.8032627964581  1.9375884200316  1.0448134892212   0  
892   0.2237995681021   red   1.3671239050990 6.1086976918337 0.8540447268391   3  8.3513466435287  892 0.4297862953238 red    1.1510408531427    2.6781702107914    1.0600314540608 3   
893    2.6881709496919   yellow    0.9667084388243  0.3596156855036    3.3184161084289    2   0.3476435179099  893   1.3352436559665 green  0.9950144665383   0.7451931803548  1.9654888147035 1   0.7414779948187  893   1.0428519661552  green    0.5158458904394  0.4946491996761   1.6730971248922  1    0.2551627568621   893  2.9020852075067  green    1.2434375263996 0.4284634797019    3.5323303662437  5   
894 1.3363616455317   magenta   1.3664883594615 1.0225438331237  1.9666068042687 4  
895    2.9741893166782  yellow    0.2114551316859    0.0710967289473 3.6044344754152   2    
896    1.8027323047049  green 0.0670199302746    0.0371768620886   2.4329774634419  1  
897 2.8004040996847    green 1.2339424403318  0.4406301363688 3.4306492584217    5    
898   1.9669205967975   green   0.8079005333981  0.4107438473691    2.5971657555345    1  
899   2.1187471161478  yellow   0.2402982524595   0.1134152587764  2.7489922748847   2 0.0272534884862  899    1.8934875712298    magenta  1.2669368391332    0.6691022737004  2.5237327299668    4   
900    0.9104682224189  blue  0.0377657058180   0.0414794332060   1.5407133811559 0    
901   0.3280686993218  red  1.4162433273980   4.3169108492384    0.9583138580588  3   
902  1.4755480638273  magenta   1.6878781827529   1.1438991545792 2.1057932225643    4    
903    1.7526623393395    magenta 1.3192662065109    0.7527212611918    2.3829074980765    4    
904  1.8640043124103  magenta 1.9702026663870   1.0569732340584  2.4942494711473   4    
905  1.0600681429901   magenta    1.3740435453324 1.2961841693089  1.6903133017271    4 
906    2.7622500085406    yellow  0.3799451025460 0.1375491361648 3.3924951672776 2    
907 2.2451364810353    yellow 0.3220156412299 0.1434280917664 2.8753816397723    2    
908   0.5841543068390  red  1.3534633998239    2.3169621176772 1.2143994655760  3  
909  0.2009096536400   blue  0.6897003902632    3.4328882548322   0.8311548123770  0   
910   0.7143000929031 red   1.5112779830238 2.1157465861185  1.3445452516401  3 
911 0.3585203204841  red 1.2862829972402    3.5877547903096 0.9887654792211    3 
912 2.7491945020758  yellow    0.1332478325377   0.0484679539542 3.3794396608128   2  
913 1.8410528455307   green 0.0855715774537  0.0464796964744    2.4712980042677  1   
914 2.1635459850569    green  1.4340121168643 0.6628063959669    2.7937911437939  5 
915   1.9887285265166  green  0.9627896154210    0.4841231986084 2.6189736852536 1  
916    2.8287062907823  green  1.9949421971995 0.7052489697146  3.4589514495193 5  
917  1.6616164117524 green    0.0716831210836   0.0431405952521  2.2918615704894   1 
918 0.6328327067109 blue 0.2451802523924 0.3874329657624   1.2630778654479   0 
919   0.0011206259286  red 1.4263648418722 1272.8286981917267   0.6313657846656 3   1815.5181048266641 919    2.5238603542015  green    1.9662828159399  0.7790775003326 3.1541055129385   5  
920   2.5825387220411   yellow  0.4957289416460  0.1919541176344  3.2127838807781   2   
921  2.4348814399447 green 1.8508074052766 0.7601221870247   3.0651265986817  5   
922 0.1779656508796   blue  0.8461734596267  4.7547010079991    0.8082108096166 0    
923   2.9718378363926  green  1.7238379002555   0.5800578615514 3.6020829951296 5    
924  1.3602479426596    green    0.2971419488284 0.2184469018548   1.9904931013966 1   
925   2.7895547135607   yellow    0.3182938328716    0.1141020218476 3.4197998722977 2    
926   1.9174169353571   magenta   1.3992709334947   0.7297687361013    2.5476620940941 4  
927 2.7614727908595 green 1.3160911509514  0.4765903018519  3.3917179495965 5  
928    2.2884576537577 yellow  0.4305675023938 0.1881474632868    2.9187028124947   2    
929  2.9653027033419 yellow   0.4777014403183   0.1610970238485    3.5955478620789 2 
930   1.4915633137155   magenta   1.8655321334241 1.2507227257936 2.1218084724525 4   
931  1.3695644911422  green 0.2672645355074   0.1951456373438  1.9998096498792 1    0.0521555081210    931 2.5671655298826   green   1.4093322436383  0.5489837827882    3.1974106886196  5  
932   1.2820390073983  green   0.6740499404801    0.5257639873594  1.9122841661353    1    
933   2.7039288128921  green    1.0063264586780 0.3721719498975   3.3341739716291 5   
934    0.9640264019550 red   1.0103991247849   1.0481031668176 1.5942715606920    3   
935  1.4792618004215  magenta    1.2336238185357  0.8339455654058 2.1095069591585   4  
936 2.8416932743345   yellow    0.8544727146070  0.3006913949244  3.4719384330715   2   
937  0.3831782875969   red    1.5037961232118    3.9245337533163 1.0134234463339    3 
938    1.9563463670629   green  0.5752436713313 0.2940397881562    2.5865915257999  1 
939 1.8855015096728    magenta 1.8029772681747    0.9562322060870   2.5157466684098    4   1.7240649306714   939 1.8454169701391 green 0.7134404100701  0.3866011972440    2.4756621288761 1  
940   0.2589736929668 red 1.1383509381424   4.3956238377016 0.8892188517038   3  
941   0.9113231888032   blue 0.5636353084664   0.6184801565366    1.5415683475402   0 
942 0.3670026212907 red    1.0616092189841  2.8926475109378 0.9972477800277   3   
943    1.2283147281309    magenta    1.2575571875947 1.0238069761716  1.8585598868679    4 1.2874958215942   943    1.2520319022930 magenta    1.6558680581660    1.3225446213738    1.8822770610300  4  
944   0.1473120786157 red   1.3209200797314  8.9668144808251 0.7775572373527    3    
945 2.4342647605733  green 1.9566925096235   0.8038125274272 3.0645099193103    5    
946    0.2242670818895   blue  0.0992441151374  0.4425264479355   0.8545122406265   0  
947  1.5890192424577 magenta 1.2600545399336    0.7929762625056  2.2192644011947    4    
948  0.5649245615307    red    1.7824076986343 3.1551251618527   1.1951697202677  3   
949 0.6508673663215  blue   0.6183093928769 0.9499775605149 1.2811125250585  0    
950 2.4562935662953   green   1.7345915556294   0.7061825098722   3.0865387250323 5 
951    2.0148405735351  yellow   0.5616829852906 0.2787729176533   2.6450857322721  2    
952  1.8114205368468 green    0.1641811572144  0.0906366875470  2.4416656955838  1 
953  0.7108539315542  blue 0.1907020106974    0.2682717253606 1.3410990902912  0    0.0511599574395    953   0.0244474281064   red 1.4469128685797 59.1846660631395   0.6546925868434 3 
954    2.3458794261604 yellow 0.1698067865544   0.0723851297133   2.9761245848974 2 0.0122914862709   954   2.8503420443252    green 1.9943588492594   0.6996910610184   3.4805872030622   5  
955 2.7096351137406    green 1.6884925867721 0.6231438979402  3.3398802724776   5 
956   1.0247655133952 magenta   1.3623495605064 1.3294256517207 1.6550106721322 4   
957 0.6610733361844    red   1.3918019399748  2.1053669294970  1.2913184949214 3  
958 2.9395609513396   yellow  0.3585455003334  0.1219724667284  3.5698061100766 2 
959    1.0896157796702   magenta  1.4789858133461 1.3573461773780 1.7198609384072 4  
960   2.8889937393973   green  1.2445110714632   0.4307766591847    3.5192388981343   5   
961  0.8957608459663    blue    0.9954969604587   1.1113423464996  1.5260060047033 0 1.1063379279694  961  1.5012349231785    magenta 1.2954243971426  0.8629058498052 2.1314800819155  4  
962  1.3846034377868 magenta  1.3134393098570   0.9486032419192  2.0148485965238  4   
963    1.4375627385947    green  0.1449393575338   0.1008229788117  2.0678078973317    1  
964  2.4683787164420    yellow 0.0792976612802    0.0321254031045    3.0986238751790  2  
965 2.4138281445961 yellow    0.9541305704040    0.3952769266280    3.0440733033331 2   
966  1.2744680837941    magenta   1.9665724461832  1.5430535069413 1.9047132425311 4 
967 2.2047977589533    yellow  0.0621528059602    0.0281897991359 2.8350429176903   2   
968    0.0531610604942    red  1.2640330383694 23.7774232985120 0.6834062192312  3    
969    1.6768666239828    magenta  1.5458338467979    0.9218585573170  2.3071117827198 4    
970  0.9426256503573 blue    0.3892058040422  0.4128954096408 1.5728708090943  0  
971   0.1054278752490 blue    0.7976055182202  7.5654139508799   0.7356730339860  0 
972    1.1366195243768 magenta   1.8443783198917  1.6226875223729   1.7668646831138   4  
973    0.5867498315483  red 1.0404689567778 1.7732752543486    1.2169949902853 3  
974    0.1851525939530 blue   0.0469770287877 0.2537206084169    0.8153977526900    0   
975    0.3349715848202   red    1.9982285758645 5.9653674114993    0.9652167435572   3    
976 2.3755259938777 green    1.7159024281950 0.7223252587500    3.0057711526147   5 
977 0.6366795820583    red   1.2061948003826 1.8945083749711  1.2669247407953    3    2.2851461511714    977  2.7204130983881 yellow    0.7975955973473 0.2931891475673   3.3506582571251   2  
978   2.8818462517078   yellow  0.9210485571643    0.3196036418037   3.5120914104448   2    
979   1.5905939799019  green 0.5678934259371  0.3570322993251 2.2208391386389   1  
980   2.7959404309163  green   1.4059542260576    0.5028555724976  3.4261855896533    5    
981    1.0072184481932   green    0.0896821298541    0.0890394035326    1.6374636069302 1    
982   1.0898361255607    green 0.8872075483200 0.8140742699859  1.7200812842977  1  
983 0.1346273828104   red  1.4679564097118   10.9038471896851  0.7648725415474  3  16.0063723726160 983   1.2342056020309 green   0.4322671959794   0.3502392107669  1.8644507607679   1    
984  2.5512673608504 green   1.2860943803929   0.5041001974659    3.1815125195874  5  
985    2.0150078095803    yellow 0.3630555297998  0.1801757432769    2.6452529683173   2 
986 0.2402519722059    blue    0.0188312211183 0.0783811302169 0.8704971309429    0  
987   1.6554234509410    magenta   1.6831554380094   1.0167522014097 2.2856686096780  4  
988  2.8877092658054  yellow   0.0244577544686   0.0084696041801    3.5179544245424   2    
989    0.3850144244094   blue   0.9227120579818  2.3965649063595   1.0152595831464   0   
990   1.6970846702284  magenta    1.1084638663079 0.6531576684143  2.3273298289654    4  
991  0.4810417419504   red    1.8483917676718  3.8424768715025 1.1112869006874 3  
992  0.8367765123370  blue   0.2724122814421  0.3255496269623    1.4670216710740    0  0.0886837166034  992   2.4587930867295  green    1.8999844576170    0.7727305188353   3.0890382454665 5 
993  2.4086176420841    green  1.6133598918921   0.6698281469433   3.0388628008211  5 
994 2.1848919908178    yellow 0.6320131024937  0.2892651468126  2.8151371495548  2    
995    2.7120005992263    yellow 0.2115487486049  0.0780046835776  3.3422457579633 2  
996  0.7177752341619 blue 0.0443706171967   0.0618168684079    1.3480203928989   0  
997   2.4827109556926  green    1.2177497718951   0.4904919636750    3.1129561144296  5   
998   1.2585698242769  magenta 1.5721777196590  1.2491779870555   1.8888149830139  4  
999   2.6577238044413 green   1.8853086528975 0.7093696680396    3.2879689631783    5    
